#1
double data(2714,3)
0,298.465,43.735
360,298.63,43.56
720,299.92,46.16
1440,298.31,41.31
1800,297.985,43.825
2160,298.145,43.735
2520,298.63,40.96
2880,298.145,43.65
3240,297.985,43.82
3600,297.985,43.82
3960,298.145,43.91
4320,297.82,44.085
4680,298.625,44.17
5040,297.98,44.515
5400,297.98,44.255
5760,297.66,44.685
6120,297.66,44.69
6480,297.66,44.515
6840,297.66,44.775
7200,297.66,43.39
7560,297.5,45.035
7920,297.66,44.945
8280,297.5,45.035
8640,297.5,44.865
9000,297.66,45.035
9360,299.435,45.12
9720,297.98,46.51
10080,297.66,45.205
10440,298.31,43.39
10800,297.5,45.21
11160,297.5,45.555
11520,297.5,45.38
11880,297.66,45.38
12240,298.31,44.08
12600,297.5,45.555
12960,297.34,47.55
13680,297.66,43.56
14040,297.66,45.555
14400,297.5,45.815
14760,297.5,45.815
15480,297.34,43.21
15840,297.34,47.9
16200,297.66,43.56
16560,297.66,43.39
16920,297.98,43.56
17280,297.66,45.12
17640,297.34,48.24
18000,297.5,45.815
18360,297.34,45.555
18720,297.5,45.555
19080,297.5,45.47
19440,297.34,45.555
19800,297.34,47.9
20160,297.34,48.07
20520,297.98,43.73
20880,297.34,47.55
21240,297.34,47.38
21600,297.5,45.64
21960,297.5,45.64
22320,297.66,45.465
22680,298.145,45.815
23040,297.5,45.9
23400,297.5,45.73
23760,297.5,45.47
24120,297.5,45.9
24480,297.34,46.075
24840,297.18,45.99
25200,297.66,43.91
25560,297.34,46.075
25920,297.34,45.725
26280,297.34,45.9
26640,297.66,43.91
27000,297.5,45.73
27360,297.82,45.73
27720,297.5,45.73
28080,297.02,48.07
28800,297.5,45.64
29160,297.985,45.465
29520,297.34,45.99
29880,297.18,45.815
30240,297.5,46.075
30600,297.985,45.465
30960,297.66,47.03
31320,297.98,47.38
31680,297.66,46.68
32040,297.82,44.6
32400,298.145,44.605
32760,298.305,44.345
33120,297.98,44.425
33480,298.145,44.425
33840,298.95,44.085
34200,298.31,42
34560,298.63,41.65
34920,298.31,43.65
35280,298.31,43.39
35640,298.31,43.645
36000,298.31,41.13
36360,298.63,41.13
36720,298.63,43.385
37080,298.47,43.91
37440,298.79,44.515
37800,297.98,46.34
38160,298.31,45.64
38520,297.98,46.16
39600,298.95,41.31
39960,299.27,42.865
40320,299.27,43.04
40680,299.755,42.955
41040,299.115,43.3
41400,299.275,43.04
41760,299.92,43.13
42120,299.435,43.04
43200,299.11,42.865
43560,298.95,43.3
43920,299.11,43.39
44280,299.11,43.385
44640,300.24,40.96
45000,299.27,45.99
45360,298.95,45.47
45720,299.92,45.99
46080,299.27,45.82
46800,299.435,43.82
47160,298.95,44.6
47520,298.63,47.55
47880,298.47,45.125
48240,300.24,45.035
58680,299.92,52.75
59040,299.755,55.005
59400,299.92,54.835
59760,299.76,55.095
60120,299.76,55.27
60480,299.76,55.01
60840,299.76,55.01
61200,299.6,57.26
61560,299.76,54.92
61920,299.595,54.835
62280,299.76,55.095
62640,299.76,54.485
63000,299.76,53.62
63360,299.92,53.62
63720,299.76,53.705
64080,300.245,53.185
64440,299.76,54.23
64800,300.08,53.36
65160,300.08,53.795
65520,299.755,53.88
65880,300.08,53.71
66240,299.92,56.22
66600,299.92,53.62
66960,300.405,53.53
67320,300.405,53.445
67680,300.08,53.445
68040,300.08,53.355
68400,300.24,53.445
68760,299.92,53.36
69120,300.24,53.01
69480,300.24,52.835
69840,299.92,52.925
70200,299.92,52.575
70560,300.24,52.495
70920,299.92,52.75
72000,299.76,52.405
72360,300.89,49.8
72720,299.92,49.8
73080,300.24,49.8
73440,300.405,52.32
73800,299.595,52.405
74160,300.565,52.23
74520,299.435,52.145
74880,299.27,54.66
75600,299.435,52.405
75960,299.6,52.055
76320,299.435,52.06
76680,299.435,51.97
77040,299.595,52.145
77760,299.6,49.46
78120,299.435,52.06
78480,299.27,49.63
78840,299.6,49.63
79200,299.11,51.885
79560,299.435,51.71
79920,299.27,51.715
80280,299.27,51.365
80640,298.95,53.79
81000,299.11,51.625
81360,299.435,51.45
81720,299.27,51.28
82080,298.95,51.105
82440,299.27,51.195
82800,299.76,51.275
83160,299.27,51.19
83520,299.435,51.02
83880,299.27,53.1
84240,298.95,52.75
84600,298.95,50.325
84960,298.95,50.325
85320,298.95,50.325
85680,299.115,50.325
86040,298.95,49.805
0,298.79,49.89
360,298.79,49.72
720,298.95,49.805
1080,299.275,49.545
1440,298.79,49.635
1800,298.95,49.545
2160,299.27,49.2
2520,299.27,46.86
2880,298.79,49.46
3240,298.63,49.2
3600,298.79,49.025
3960,298.79,48.85
4320,298.95,48.765
4680,298.79,48.5
5040,298.95,46.34
5400,298.95,48.68
5760,299.435,48.5
6120,298.79,48.505
6480,299.27,51.02
6840,298.63,51.02
7200,298.63,50.84
7560,299.6,48.5
7920,298.79,48.07
8280,299.27,45.99
8640,299.27,45.64
9000,298.95,47.9
9360,298.79,48.16
9720,302.82,45.47
10080,298.95,47.81
10440,298.63,47.81
10800,298.63,50.15
11160,298.63,49.8
11520,298.95,47.55
11880,298.79,47.55
12240,298.47,47.55
12600,298.63,47.29
12960,298.63,47.29
13320,298.47,47.55
13680,299.11,47.115
14040,298.31,47.115
14400,298.95,47.2
14760,298.79,46.94
15120,298.63,47.29
15480,299.27,49.11
15840,298.31,49.11
16200,298.47,47.2
16560,298.47,46.94
16920,298.63,46.945
17280,298.47,46.855
17640,299.595,46.42
18000,298.63,44.25
18360,298.47,46.855
18720,298.63,44.08
19080,299.275,46.335
19440,298.31,46.595
19800,298.47,46.595
20160,298.955,46.335
20520,298.79,46.42
20880,298.47,46.51
21240,298.47,46.335
21600,298.63,46.335
21960,298.31,48.94
22320,298.31,48.76
22680,300.725,45.9
23040,298.145,46.42
23400,298.31,48.42
23760,298.63,48.24
24120,300.08,46.16
24480,298.31,46.16
24840,298.31,45.99
25200,298.63,46.075
25560,298.305,45.815
25920,299.275,45.9
26280,298.47,45.985
26640,298.31,48.07
27000,298.31,48.24
27360,298.63,48.07
27720,298.63,45.645
28080,298.31,43.56
28440,298.63,43.56
28800,298.31,43.91
29160,298.31,43.91
29520,298.63,45.99
29880,299.115,45.64
30240,298.95,45.47
30600,298.63,44.95
30960,298.95,42.87
31320,298.95,43.21
31680,298.95,46.245
32040,298.79,45.985
32400,298.79,45.9
32760,299.11,45.905
33120,299.115,45.985
33480,299.595,45.73
33840,299.435,46.68
34200,299.6,43.91
34560,299.6,43.91
34920,299.6,43.39
36000,300.245,46.16
36360,299.755,46.425
36720,299.595,46.075
37080,299.92,45.9
37440,300.24,43.73
37800,299.435,46.945
38160,299.11,47.205
38520,299.755,46.595
38880,300.24,48.07
39240,299.6,48.24
39600,299.92,49.11
39960,299.595,46.765
40320,299.6,44.6
40680,300.24,44.6
41400,301.21,43.73
41760,300.89,44.08
42120,304.44,44.6
42480,301.53,44.25
42840,301.85,44.6
43200,287.82,47.81
43560,287.66,47.03
43920,275.73,50.84
44280,278.95,49.98
44640,294.27,46.68
45000,301.85,48.07
45360,302.82,48.94
45720,301.53,47.46
46080,300.565,48.94
46440,300.24,49.72
46800,299.92,52.93
47160,299.92,52.93
47520,299.92,50.67
47880,300.08,50.5
48240,299.92,50.845
48600,300.405,50.5
48960,300.89,49.89
49320,301.045,48.85
49680,301.045,49.2
50040,301.205,49.805
50760,300.725,49.805
51120,300.89,47.55
51480,300.725,50.235
51840,300.725,50.15
52200,301.21,50.235
52560,301.21,50.15
52920,300.725,50.325
53280,300.725,50.76
53640,300.4,51.365
54000,300.885,51.105
54360,300.89,54.66
54720,300.24,55.01
55080,300.885,51.45
55440,300.725,51.28
55800,300.89,47.9
56520,300.56,54.49
56880,300.24,53.45
57240,302.5,51.02
57600,300.725,50.675
57960,300.89,51.015
58320,301.045,50.675
58680,300.725,50.325
59040,301.21,50.675
59400,300.725,50.065
59760,301.21,49.895
60120,300.885,49.715
60480,301.045,49.285
60840,301.21,49.635
61200,300.56,50.15
61560,300.4,50.845
61920,300.56,48.59
62280,300.725,51.28
62640,300.885,51.365
63000,301.21,49.11
63360,300.4,51.365
63720,300.4,51.71
64080,300.89,49.11
64440,300.56,49.63
65520,300.56,49.11
65880,300.08,51.71
66240,299.92,51.625
66600,299.92,54.49
66960,300.24,51.105
67320,300.56,48.59
67680,299.92,53.62
68040,300.24,53.45
68400,302.015,50.585
68760,300.24,50.675
69120,300.24,50.585
69480,300.4,50.41
69840,300.56,50.67
70200,300.4,50.67
70560,300.725,50.67
70920,300.4,50.755
71280,300.4,50.935
71640,300.725,50.67
72000,300.89,48.24
72720,300.4,51.02
73080,300.24,51.275
73440,299.92,53.97
73800,299.92,51.275
74160,299.92,51.19
74520,299.92,51.54
74880,300.08,51.275
75240,299.76,51.45
75600,301.21,51.45
75960,299.92,51.365
76320,300.89,49.11
76680,299.92,51.365
77040,299.92,51.8
77400,299.76,51.365
77760,299.76,51.455
78120,299.76,51.275
78480,299.27,54.31
78840,299.6,54.31
79200,299.595,51.45
79560,299.76,51.45
79920,299.435,51.105
80280,299.27,53.97
80640,299.27,53.97
81000,299.595,51.455
81360,299.76,51.19
81720,299.435,51.195
82080,299.6,48.59
82440,299.6,48.59
82800,299.6,48.42
83160,299.275,51.105
83520,299.76,51.02
83880,303.79,48.24
84240,300.56,50.67
84600,299.435,50.76
84960,299.595,50.67
85320,299.27,50.585
85680,299.27,50.76
86040,299.27,48.42
0,299.6,48.07
360,299.27,47.9
720,299.27,48.07
1080,299.6,47.9
1440,299.27,50.065
1800,299.435,50.24
2160,299.27,52.75
2520,299.27,50.065
2880,299.11,49.98
3240,299.11,49.975
3600,299.27,47.72
3960,299.27,47.55
4320,299.27,47.72
4680,299.27,47.72
5040,299.27,47.38
5400,299.92,49.805
5760,299.435,49.72
6120,299.27,49.46
6480,299.11,49.98
6840,299.11,49.46
7200,299.27,52.06
7560,298.95,52.06
7920,299.11,49.545
8280,298.95,51.89
8640,298.95,51.71
9000,299.11,49.63
9360,299.11,49.37
9720,299.11,49.285
10080,298.95,51.89
10440,298.95,51.54
10800,299.11,49.195
11160,299.11,49.285
11520,299.435,48.94
11880,299.275,48.94
12240,299.11,49.025
12600,299.11,48.94
12960,299.11,48.68
13320,299.275,48.85
13680,299.27,46.34
14040,298.95,49.025
14400,299.27,51.19
14760,299.11,48.855
15120,299.435,48.855
15480,299.11,49.115
15840,298.95,49.285
16200,298.79,49.11
16560,298.63,51.37
16920,299.6,51.54
17280,298.79,48.765
17640,298.95,48.68
18000,298.63,51.19
18360,298.63,51.02
18720,298.79,48.85
19080,299.115,48.94
19440,298.95,48.76
19800,298.63,51.02
20160,298.95,51.19
20520,298.95,46.51
20880,299.11,48.59
21240,299.27,48.59
21600,299.275,48.68
21960,299.11,48.07
22320,299.27,45.99
22680,298.79,48.33
23040,299.11,47.98
23400,299.435,48.33
23760,298.63,48.33
24120,298.79,48.415
24480,298.95,48.42
24840,299.11,48.59
25200,298.95,45.99
25560,299.755,48.07
25920,298.63,50.15
26280,298.79,47.985
26640,298.79,48.33
27000,299.27,48.24
27360,298.63,48.33
27720,298.47,48.42
28080,298.63,48.155
28440,298.79,48.07
28800,298.79,47.635
29160,299.115,47.55
29520,298.95,47.81
29880,298.95,44.95
30240,299.6,44.77
30600,298.95,47.2
30960,298.95,49.98
31320,299.6,48.94
31680,299.76,46.335
32040,301.05,46.77
32760,299.6,44.95
33120,300.08,47.46
33480,299.595,47.635
33840,299.435,47.9
34200,299.27,45.99
34920,300.08,48.42
35280,300.24,45.64
36000,300.89,45.64
36360,300.24,46.16
36720,300.725,48.415
37080,299.76,48.59
37440,299.92,48.765
37800,299.92,51.02
38160,300.56,51.02
38520,299.92,48.59
38880,300.08,49.285
39240,299.76,49.975
39600,300.885,49.635
39960,299.92,49.805
40320,299.6,52.75
40680,299.6,48.07
41040,300.24,48.07
41400,300.24,53.27
42120,300.24,48.42
42480,299.92,48.42
42840,299.92,48.76
43200,299.92,48.94
43560,300.24,48.76
43920,299.6,49.46
44280,299.76,51.885
44640,300.08,52.23
45000,299.76,52.405
45360,299.76,52.23
45720,300.08,52.575
46080,299.92,49.98
46440,299.92,50.5
46800,300.725,53.01
47160,300.56,55.35
48240,299.92,56.05
48600,300.56,53.01
48960,299.92,53.015
49320,299.92,53.36
49680,299.92,55.7
50040,299.92,56.05
50400,300.24,53.445
50760,300.56,55.87
51120,300.885,53.445
51480,300.24,53.445
51840,299.92,56.57
52200,300.08,54.23
52560,300.24,53.79
52920,300.24,53.62
53280,300.4,53.705
53640,300.56,55.87
54000,300.4,53.185
54360,300.08,53.62
54720,303.79,50.67
55080,300.725,53.01
55440,299.92,55.87
55800,300.725,53.27
56160,301.53,53.53
56520,300.24,51.02
56880,301.695,52.58
57240,300.24,52.84
57600,300.24,55.01
58320,300.89,49.98
58680,300.725,51.71
59040,300.4,51.19
59400,300.4,50.93
59760,300.4,50.67
60120,300.4,50.67
60480,300.725,50.845
60840,300.725,50.93
61200,302.02,50.845
61560,301.21,53.97
61920,300.89,53.1
62280,300.89,47.2
62640,301.21,50.67
63000,301.05,50.5
63360,300.725,50.155
63720,300.56,49.195
64080,300.725,49.89
64440,300.885,49.98
64800,300.725,50.065
65160,301.045,50.585
65520,301.205,50.24
65880,300.725,50.415
66240,300.4,50.93
66600,300.885,50.585
66960,300.24,53.27
67320,300.24,52.58
67680,300.24,52.58
68040,301.53,51.89
68400,300.4,49.37
68760,300.725,49.025
69120,300.56,48.59
69480,300.565,48.33
69840,300.4,49.2
70200,300.56,49.025
70560,300.725,48.765
70920,300.4,48.765
71280,300.4,49.46
71640,300.24,52.06
72000,300.725,49.545
72360,300.56,49.805
72720,300.4,49.63
73080,300.24,47.55
73440,300.24,47.72
73800,300.56,47.72
74160,300.24,48.24
74520,300.56,48.07
75600,300.08,51.02
75960,300.24,48.59
76320,300.89,48.76
76680,299.92,51.365
77040,299.76,51.45
77400,299.92,54.14
77760,299.76,51.54
78120,299.76,51.54
78480,299.92,49.11
78840,299.76,51.625
79200,300.08,51.455
79560,299.76,51.8
79920,299.76,51.71
80280,299.6,54.31
80640,299.6,53.97
81000,299.76,51.8
81360,299.92,51.97
81720,300.08,51.715
82080,299.595,51.8
82440,299.92,49.11
82800,299.435,51.715
83160,299.27,53.79
83520,299.6,51.45
83880,299.435,51.365
84240,299.6,49.11
84600,299.6,48.42
84960,300.24,48.76
85680,299.6,52.93
86040,299.435,50.675
0,300.24,48.07
360,299.6,48.24
720,299.435,50.15
1080,299.595,50.24
1440,299.27,52.75
1800,299.6,50.325
2160,299.435,50.24
2520,299.27,49.975
2880,299.6,52.23
3240,299.92,52.23
3600,299.435,49.895
3960,299.595,49.63
4320,299.27,49.72
4680,299.435,49.63
5040,299.595,49.46
5400,299.6,52.06
5760,299.92,51.71
6120,299.11,49.285
6480,299.11,49.285
6840,299.595,48.85
7200,299.755,49.115
7560,299.27,49.195
7920,299.11,48.855
8280,299.27,46.16
8640,299.595,48.505
9000,299.595,48.68
9360,299.275,48.675
9720,299.11,48.68
10080,299.11,48.415
10440,299.11,48.505
10800,300.56,50.67
11160,299.11,48.415
11520,299.11,48.155
11880,299.11,48.505
12240,299.11,47.98
12600,299.92,45.82
13320,299.92,45.47
13680,298.95,45.3
14040,298.79,47.81
14400,299.275,47.81
14760,299.11,47.64
15120,299.27,50.15
15480,299.27,49.98
15840,299.27,47.72
16200,299.11,47.725
16560,299.275,47.465
16920,298.63,50.15
17280,299.6,50.15
17640,298.95,47.545
18000,298.63,49.98
18360,298.95,50.5
18720,299.11,47.46
19080,299.275,47.55
19440,298.95,47.375
19800,298.95,49.63
20160,298.63,49.63
20520,298.63,49.98
20880,298.63,49.98
21240,299.27,49.98
21600,298.95,47.29
21960,298.79,47.29
22320,298.63,49.98
22680,298.79,47.375
23040,299.92,47.465
23400,298.63,47.29
23760,298.95,44.77
24120,298.95,44.6
24480,298.95,44.77
24840,298.79,47.55
25200,298.79,47.2
25560,298.79,47.46
25920,298.95,44.25
26640,298.63,49.98
27000,298.79,47.465
27360,298.95,47.025
27720,298.79,47.025
28080,298.79,47.115
28440,298.79,47.03
28800,299.27,49.63
29160,298.95,49.63
29520,298.79,46.595
29880,298.79,46.94
30240,298.95,47.29
31320,299.435,46.855
31680,299.6,44.25
32040,299.6,44.08
32400,299.6,49.28
32760,299.27,49.11
33120,298.95,49.11
33480,299.6,49.98
33840,299.435,47.2
34200,299.435,47.375
34560,299.11,47.895
34920,298.95,50.15
36000,299.435,47.635
36360,299.11,47.81
36720,299.435,48.33
37080,299.11,48.675
37440,299.435,48.68
37800,299.435,49.2
38160,299.92,46.86
38520,299.92,46.68
38880,299.11,49.11
39240,299.435,49.63
39600,299.435,49.89
39960,299.275,50.065
40320,299.435,49.98
40680,299.92,47.03
41040,299.435,50.415
41400,300.565,50.5
41760,299.435,50.495
42120,299.595,50.495
42480,300.08,50.5
42840,299.76,50.845
43200,300.08,50.675
43560,300.08,51.275
43920,300.08,51.105
44280,299.92,51.28
44640,300.08,51.455
45000,299.6,53.62
45360,299.6,53.97
45720,299.92,51.97
46080,299.92,51.625
46440,300.08,51.795
46800,299.6,54.49
47160,300.24,54.83
47520,299.6,52.75
47880,300.08,52.49
48240,299.76,52.665
48600,300.24,55.35
48960,299.6,55.35
49320,299.6,51.02
49680,300.24,53.275
50040,299.6,53.27
50400,299.6,55.7
50760,299.6,55.35
51120,299.92,50.5
51480,300.24,53.705
51840,300.08,53.445
52200,299.76,53.185
52560,300.4,53.015
52920,300.08,53.1
53280,299.92,52.665
53640,300.885,52.575
54000,301.21,52.49
54360,300.08,52.58
54720,299.92,54.49
55080,300.24,52.145
55440,300.08,52.145
55800,300.24,51.625
56160,300.4,51.54
56520,300.08,51.885
56880,300.24,49.11
57240,300.08,51.54
57600,300.24,51.19
57960,300.08,51.105
58320,300.24,51.015
58680,300.24,50.24
59040,300.24,50.065
59400,300.08,50.235
59760,302.015,50.76
60120,300.245,50.935
60480,300.24,50.415
60840,300.565,50.325
61200,299.6,52.41
61560,299.92,52.93
61920,300.56,48.42
62280,300.24,48.24
62640,300.24,48.24
63000,300.405,49.98
63360,300.24,49.805
63720,300.405,49.2
64080,300.4,49.115
64440,299.92,50.5
64800,300.08,47.635
65160,300.565,46.855
65520,300.405,46.335
65880,301.37,45.73
66240,300.08,45.555
66600,300.24,45.38
66960,300.24,44.86
67320,300.4,44.69
67680,300.405,44.775
68040,300.4,44.255
68400,300.89,41.48
68760,300.24,43.995
69120,300.56,43.735
69480,300.56,41.13
69840,300.56,41.31
70200,300.56,43.995
70560,300.4,43.475
70920,300.4,43.475
71280,300.725,42.87
71640,300.89,42.695
72000,300.56,40.61
72360,300.56,40.61
73080,300.24,40.79
73440,300.56,40.61
73800,299.92,43.39
74160,300.24,45.82
74520,299.6,45.82
74880,300.89,46.34
75240,299.6,46.34
75600,300.24,43.56
75960,299.76,43.475
76320,300.08,43.645
76680,299.76,44.17
77040,299.92,41.48
77400,299.76,44.08
77760,300.24,46.86
78120,299.76,44.255
78480,299.595,44.515
78840,300.725,44.43
79200,299.755,44.515
79560,299.435,44.515
79920,299.92,42
80280,299.435,45.12
80640,299.435,45.125
81000,299.92,48.07
81360,299.27,47.9
81720,299.435,45.465
82080,299.755,45.64
82440,299.435,45.99
82800,299.435,46.335
83160,299.435,45.99
83520,300.08,45.99
83880,299.27,48.76
84240,299.92,49.11
84600,300.08,46.595
84960,299.275,46.68
85320,299.275,46.94
85680,299.435,46.595
86040,299.435,46.765
0,299.595,46.855
360,299.6,44.08
720,299.6,44.08
1800,300.24,44.77
2160,299.6,44.77
2520,299.6,44.43
2880,300.24,44.77
3240,300.89,44.95
3600,299.11,47.46
3960,299.275,47.55
4320,299.11,47.725
4680,299.275,47.46
5040,299.435,47.55
5400,299.27,50.5
5760,299.11,47.635
6120,299.595,47.98
6480,299.11,47.895
6840,299.435,47.81
7200,299.27,45.12
7560,299.27,45.82
7920,298.95,50.5
8280,299.11,48.155
8640,299.11,47.98
9000,299.11,47.72
9360,299.11,47.81
9720,301.05,48.155
10080,299.27,45.3
10440,299.27,45.47
10800,298.95,47.725
11160,298.79,48.155
11520,299.27,47.81
11880,299.11,47.635
12240,298.79,47.81
12600,298.79,47.72
12960,298.79,47.635
13320,298.95,50.15
13680,299.11,47.725
14040,298.79,47.635
14400,298.63,50.32
14760,298.95,49.8
15120,298.63,49.8
15480,299.435,47.895
15840,298.95,47.895
16200,298.79,47.725
16560,299.11,47.81
16920,299.275,48.07
17280,299.27,47.895
17640,298.79,48.245
18000,298.95,45.99
18360,299.6,45.99
18720,298.95,45.64
19080,298.95,45.99
19440,298.95,47.9
19800,298.95,45.3
20160,298.95,46.16
20520,298.63,46.16
20880,298.63,45.99
21240,298.95,46.16
21600,298.63,47.895
21960,298.95,49.46
22320,298.63,49.98
22680,298.79,47.81
23040,298.79,47.895
23400,298.31,49.98
23760,298.63,47.98
24120,298.95,49.8
24480,298.79,47.72
24840,298.95,45.64
25200,298.31,49.63
25560,298.31,49.63
25920,298.47,47.81
26280,298.47,47.725
26640,298.31,49.46
27000,298.47,48.245
27360,298.47,48.155
27720,298.47,48.415
28080,298.95,46.51
28800,298.47,47.895
29160,298.47,47.9
29520,298.63,47.55
29880,298.31,49.28
30240,298.31,49.63
30600,298.95,44.95
30960,299.275,46.165
31320,299.11,45.815
31680,298.95,48.24
32040,298.63,48.76
32400,298.79,46.945
32760,298.95,44.08
33120,299.6,44.08
33480,299.6,48.59
33840,298.95,48.94
34200,299.6,46.94
34560,299.27,47.2
34920,299.27,47.64
36000,299.27,47.115
36360,299.275,47.375
36720,299.11,47.465
37080,299.27,50.32
37440,298.95,49.63
37800,300.24,45.47
38160,299.6,45.12
38520,299.11,48.155
38880,299.435,48.675
39240,299.435,48.33
39600,300.08,48.675
39960,298.95,51.02
40320,299.27,51.02
40680,298.95,51.37
41040,299.76,49.11
41400,299.27,49.195
41760,299.595,49.46
42120,299.6,49.455
42480,299.595,49.805
42840,299.92,52.06
43200,299.275,49.545
43560,299.76,49.63
43920,299.92,47.38
44280,299.435,50.155
44640,299.435,50.415
45000,299.755,49.89
45360,299.755,50.235
45720,299.595,50.5
46080,299.27,52.93
46440,299.6,53.45
46800,299.595,50.76
47160,299.76,51.015
47520,299.435,51.19
47880,300.08,50.585
48240,299.76,51.015
48600,299.435,51.71
48960,299.92,51.105
49320,299.6,53.62
49680,299.92,51.28
50040,299.92,51.45
50400,299.6,51.455
50760,299.76,51.625
51120,300.56,51.365
52200,299.6,54.49
52560,299.76,52.23
52920,299.92,49.11
53280,299.92,49.46
53640,300.08,52.145
54000,299.76,52.23
54360,300.08,52.145
54720,299.76,52.405
55080,299.76,52.575
55440,301.695,52.925
55800,300.08,52.58
56160,299.92,55.53
56520,299.6,55.35
56880,300.24,55.35
57240,299.92,52.84
57600,299.76,52.75
57960,300.245,52.925
58320,299.76,53.015
58680,300.08,53.01
59040,300.24,53.27
59400,299.76,53.27
59760,299.76,53.015
60120,299.92,50.84
60480,299.76,53.275
60840,300.24,53.015
61200,299.92,55.53
61560,300.24,55.01
61920,299.76,52.665
62280,300.24,52.58
62640,300.08,52.925
63000,300.24,52.835
63360,300.56,49.8
63720,300.56,49.28
64800,300.56,49.8
65160,300.24,49.63
65520,300.89,49.63
65880,300.24,49.46
66240,300.24,49.63
66600,300.89,49.63
66960,300.08,51.71
67320,300.56,54.66
67680,300.4,51.625
68040,299.92,49.46
68400,300.08,52.06
68760,300.08,51.8
69120,300.725,51.45
69480,300.405,51.625
69840,300.24,51.45
70200,300.89,49.28
70560,300.24,49.8
70920,300.08,51.71
71280,300.56,54.14
71640,300.56,54.49
72000,300.56,48.76
72360,300.24,48.94
72720,300.56,54.31
73080,300.56,51.625
73440,300.4,51.54
73800,300.08,51.795
74160,299.92,51.455
74520,299.76,51.625
74880,300.24,48.94
75240,300.56,48.59
75600,299.92,51.105
75960,300.08,51.105
76320,299.6,53.45
76680,299.6,53.62
77040,299.6,50.935
77400,299.76,50.845
77760,299.92,50.76
78120,299.6,52.93
78480,299.595,50.41
78840,299.755,50.755
79200,299.92,52.93
79560,299.6,53.27
79920,299.6,50.5
80280,299.76,50.24
80640,299.76,50.155
81720,299.6,48.07
82080,299.76,49.805
82440,299.27,50.325
82800,299.435,50.15
83160,299.755,49.975
83520,299.76,49.89
83880,299.11,49.98
84240,299.92,47.55
84600,299.27,49.715
84960,299.27,49.805
85320,299.27,47.38
86040,298.95,51.71
0,299.595,49.025
360,299.11,49.11
720,299.595,49.025
1080,299.11,49.2
1440,299.435,49.025
1800,298.95,51.37
2160,299.11,48.765
2520,299.27,51.19
2880,299.11,48.675
3240,299.435,48.94
3600,299.11,48.935
3960,299.11,48.765
4320,298.95,51.19
4680,298.95,51.37
5040,298.95,48.935
5400,298.79,49.2
5760,298.95,49.2
6120,298.63,51.54
6480,299.27,51.02
6840,299.11,48.94
7200,299.275,48.94
7560,298.79,48.765
7920,298.79,49.2
8280,299.115,49.11
8640,298.95,48.42
9000,298.79,48.415
9360,298.95,48.415
9720,298.79,48.245
10080,298.95,45.99
10440,298.95,46.68
10800,298.63,46.51
11160,299.11,49.37
11520,298.79,49.98
11880,298.63,51.8
12240,298.47,51.45
12600,298.955,51.625
12960,298.63,50.93
13320,298.465,52.235
13680,298.95,54.31
14400,298.79,52.75
14760,298.47,53.015
15120,298.95,53.71
15480,298.31,53.19
15840,298.47,52.84
16200,298.47,52.145
16560,298.63,53.19
16920,298.305,52.925
17280,298.47,53.36
17640,298.145,54.14
18000,298.79,53.36
18360,298.79,53.965
18720,297.98,55.87
19080,298.31,54.485
19440,298.31,52.23
19800,298.31,51.89
20160,298.63,51.71
20520,298.63,51.54
20880,298.63,51.71
21240,298.31,52.75
22320,298.31,53.535
22680,298.145,53.795
23040,298.305,53.095
23400,298.31,52.23
23760,298.31,51.89
24120,298.47,53.36
24480,298.63,54.66
24840,298.31,54.66
25200,298.63,54.83
25560,297.98,53.27
25920,298.31,52.75
26280,298.63,53.01
26640,298.145,53.36
27000,298.31,51.89
27360,298.145,54.14
27720,298.625,53.36
28080,299.92,54.66
28440,297.66,55.53
28800,298.145,53.36
29160,298.31,51.19
29520,298.31,53.27
29880,297.98,54.83
30600,297.985,54.575
30960,298.145,53.795
31320,298.31,52.93
32040,297.98,52.41
32400,298.31,52.145
32760,298.63,51.715
33120,298.31,52.06
33480,298.95,51.19
33840,298.47,51.885
34200,298.79,51.89
34560,298.145,51.975
34920,298.63,52.23
35280,298.63,52.145
36000,298.31,50.15
36360,298.47,50.935
36720,298.47,50.67
37080,298.47,50.93
37440,298.47,50.755
37800,298.31,50.585
38160,298.31,50.065
39240,298.63,48.42
39600,298.31,50.495
39960,298.47,50.155
40320,299.27,48.76
40680,298.31,49.89
41040,298.79,49.805
41400,298.95,51.54
41760,298.31,51.19
42120,298.31,51.37
42480,298.31,49.98
42840,298.31,49.805
43200,300.405,49.63
43560,298.79,50.065
43920,299.6,49.72
44280,298.31,51.02
44640,298.31,51.19
45000,298.63,50.065
45360,298.63,49.805
45720,298.31,49.63
46080,298.95,51.37
46800,298.31,49.89
47160,298.47,49.895
47520,298.31,48.59
47880,298.63,49.28
48240,298.63,47.9
48600,298.95,48.42
49320,298.31,50.84
49680,298.79,49.89
50040,298.63,49.805
50400,298.63,49.63
50760,298.47,49.635
51120,298.63,51.19
51480,298.63,49.11
51840,298.79,49.46
52200,298.63,51.02
52560,298.31,51.37
52920,298.79,49.285
53280,298.79,48.935
53640,298.31,51.54
54000,298.95,47.55
54360,298.63,48.24
54720,298.95,47.03
55080,298.47,49.285
55440,298.63,48.935
55800,298.63,51.54
56160,298.63,51.89
56520,298.31,50.155
57600,298.63,49.63
57960,298.95,49.63
58320,298.63,49.11
58680,298.47,51.28
59040,298.47,50.67
59400,298.47,51.19
59760,298.79,50.065
60120,298.79,50.93
60480,298.47,51.455
60840,298.63,51.105
61200,298.79,50.76
61560,298.47,51.28
61920,298.63,51.275
62280,298.63,51.885
62640,298.63,48.76
63000,299.275,50.41
63360,298.95,50.5
63720,298.63,51.625
64080,298.63,51.19
64440,298.47,50.67
64800,298.63,50.5
65160,298.79,50.15
65520,298.63,50.065
65880,299.27,51.89
66240,298.95,52.06
66600,298.95,50.15
66960,298.95,49.635
67320,298.95,52.06
67680,298.47,50.065
68040,298.95,52.06
68400,298.79,50.5
68760,298.47,50.5
69120,298.47,51.015
69480,298.47,50.415
69840,298.31,52.75
70200,298.47,50.845
70560,298.47,50.935
70920,298.31,52.41
71280,298.31,52.23
71640,298.47,49.72
72000,298.95,49.72
72360,298.955,49.63
72720,298.31,51.89
73080,299.27,47.9
73440,299.27,47.72
73800,298.47,49.805
74160,298.63,48.07
74520,298.63,47.72
74880,298.47,49.72
75240,298.47,49.89
75600,298.47,49.89
75960,298.95,47.38
76320,298.63,47.55
76680,298.47,49.98
77040,298.47,50.15
77400,298.47,50.065
77760,298.63,49.98
78120,298.31,52.23
78480,298.31,47.55
78840,298.31,47.55
79200,298.63,48.07
79560,298.63,47.38
79920,298.47,49.46
80280,298.305,49.02
80640,298.47,49.11
81000,298.31,48.85
81360,298.31,50.32
81720,298.31,51.02
82080,298.31,48.765
82440,298.31,48.505
82800,298.31,48.415
83160,298.63,48.505
83520,298.63,50.32
83880,298.31,48.505
84240,298.79,48.245
84600,298.145,48.155
84960,298.47,48.155
85320,298.63,47.985
85680,298.79,48.07
86040,298.31,48.16
0,298.63,46.34
360,298.31,46.16
720,298.31,47.98
1080,298.31,47.985
1440,298.63,50.15
1800,299.11,47.81
2160,298.63,47.115
2520,298.47,47.03
2880,298.63,47.115
3240,298.79,46.855
3600,302.82,44.08
3960,298.63,44.08
4320,298.63,43.56
4680,298.95,45.9
5040,298.79,45.905
5400,299.11,45.38
5760,299.11,45.385
6120,298.63,45.38
6480,298.95,43.21
6840,298.95,42.87
7200,298.63,45.295
7560,298.95,44.6
7920,299.275,44.515
8280,298.79,44.34
8640,298.95,41.83
9000,298.79,44.43
9360,298.79,44.515
9720,298.95,41.48
11160,298.95,41.65
11520,298.79,43.65
11880,298.79,43.475
12240,298.79,43.65
12600,298.79,43.3
12960,298.63,45.82
14040,299.115,43.475
14400,299.27,45.47
14760,298.63,45.47
15120,298.95,45.64
15480,298.95,45.64
15840,298.63,43.215
16200,298.63,42.78
16560,298.95,42.785
16920,298.63,44.95
17280,298.63,45.12
17640,298.47,42.605
18000,298.79,42.695
18360,298.95,42.345
18720,298.95,40.27
20160,298.63,44.6
20520,298.63,44.43
20880,298.63,42.175
21240,299.275,42.43
21600,298.63,42.09
21960,298.63,41.915
22320,298.47,41.915
22680,298.63,39.22
23040,298.63,39.22
23400,298.63,39.22
23760,299.27,39.57
24120,298.95,39.22
24480,298.95,44.08
25200,298.79,41.825
25560,298.63,42.17
25920,298.31,42.09
26280,298.63,43.91
26640,298.95,44.6
27000,298.47,43.04
27360,298.47,43.21
27720,298.47,43.125
28080,298.79,43.3
28440,298.31,43.645
28800,298.63,43.475
29160,298.31,45.3
29520,298.31,45.64
29880,298.31,45.64
30240,298.79,44.08
30600,298.63,44.255
30960,298.47,44.515
31680,298.95,46.34
32040,298.63,44.86
32400,298.63,44.945
32760,298.31,45.21
33120,298.47,44.775
33480,298.63,45.035
33840,298.79,45.295
34200,298.47,45.12
34560,301.045,45.38
34920,298.63,45.205
36000,298.31,44.08
36360,298.47,45.64
36720,298.63,45.47
37080,298.95,45.12
37440,298.47,45.465
37800,298.31,45.815
38160,298.47,45.815
38520,298.63,45.295
38880,298.31,47.2
39240,298.95,47.03
39600,298.31,45.815
39960,298.95,46.075
40320,298.63,45.38
41400,298.31,44.6
41760,298.31,44.95
42120,298.95,44.95
42480,299.27,44.43
42840,298.47,46.075
43200,298.47,46.165
43560,298.47,46.245
43920,298.63,44.43
44280,298.63,44.25
44640,299.11,45.99
45000,298.63,47.2
45360,298.47,45.64
45720,298.47,45.725
46080,298.63,47.38
46440,298.95,43.56
46800,298.47,45.38
47160,298.47,44.86
47520,298.63,46.86
47880,298.63,46.86
48240,298.79,45.035
48600,298.63,44.605
48960,298.47,44.86
49320,298.95,44.515
49680,298.63,44.86
50040,298.95,44.6
50400,298.63,44.6
50760,298.63,44.515
51120,298.63,42.87
51480,299.27,45.99
51840,298.63,46.16
52200,298.63,42.69
52560,298.63,42.69
52920,298.63,42.17
54000,298.95,42.17
54360,298.47,43.82
54720,298.63,44.17
55080,298.47,43.91
55440,298.95,43.735
55800,298.79,43.305
56160,300.89,43.39
56520,298.95,45.47
56880,299.115,43.305
57240,298.63,43.215
57960,298.63,43.3
58320,298.79,43.045
58680,298.63,43.13
59040,298.63,43.13
59400,299.11,43.305
59760,298.79,43.215
60120,298.95,40.96
60480,298.95,40.44
60840,298.79,43.305
61200,298.79,43.04
61560,298.63,44.95
61920,298.63,45.3
62280,298.63,44.77
62640,298.63,45.3
63000,298.63,42.87
63360,298.95,42.865
63720,298.63,43.04
64080,298.79,42.78
64440,298.63,45.12
64800,298.95,42.695
65160,299.595,42.87
65520,298.95,42.52
65880,298.79,42.605
66240,298.95,44.6
66600,299.11,42.865
66960,298.79,42.52
67320,298.63,42.695
67680,298.95,42.52
68040,299.11,42.605
68400,298.63,42.865
68760,298.63,42.78
69120,298.79,42.78
69480,298.63,40.79
69840,298.63,40.96
70560,298.63,44.6
70920,298.63,43.04
71280,299.6,41.31
71640,298.63,40.96
72000,298.79,42.87
72360,298.63,43.04
72720,299.755,42.955
73080,299.755,43.215
73440,298.63,43.04
73800,298.63,41.65
74160,298.63,45.3
74880,299.6,40.61
75240,298.79,43.215
75600,298.95,41.31
75960,298.95,40.44
76320,298.79,42.955
76680,299.115,43.13
77040,298.79,42.865
77400,298.95,45.12
77760,298.79,42.695
78120,298.79,42.87
78480,298.63,45.47
79200,298.63,43.13
79560,298.63,43.125
79920,298.63,40.79
80280,298.79,42.955
80640,298.79,43.385
81000,299.11,43.13
81360,299.435,43.215
81720,298.95,43.045
82080,299.11,43.215
82440,298.95,43.39
82800,298.95,40.44
83160,298.95,40.79
83520,298.63,40.79
83880,298.63,43.3
84240,299.11,43.04
84600,298.79,43.39
84960,298.79,43.305
85320,298.79,43.3
85680,298.63,43.215
86040,298.47,43.56
0,298.63,45.64
360,298.31,46.16
720,298.47,43.825
1080,298.47,43.905
1440,298.79,44.17
1800,298.47,44.345
2160,299.595,43.65
2520,299.11,44.515
2880,298.47,43.91
3240,298.47,44.425
3600,298.63,42.69
3960,298.95,44.6
4320,298.47,44.775
4680,298.63,44.6
5040,298.47,44.775
5400,298.79,44.95
5760,298.79,45.21
6120,298.47,44.95
6480,298.63,45.205
6840,298.955,45.12
7200,298.63,45.035
7560,298.63,46.68
7920,298.31,46.86
8280,298.31,47.38
8640,298.63,44.95
9000,298.31,47.2
9360,298.31,47.38
9720,298.47,45.12
10080,298.47,45.035
10440,298.63,45.035
10800,298.63,45.295
11160,298.47,45.38
11520,298.31,47.03
11880,298.95,47.2
12240,298.47,45.12
12600,298.63,47.38
12960,298.95,47.38
13320,298.63,45.035
13680,298.95,42.52
14040,298.63,42
14400,298.95,44.86
14760,299.11,44.425
15120,298.63,44.515
15480,298.79,44.69
15840,298.47,44.775
16200,298.47,44.515
16560,298.63,42.35
16920,298.63,42.35
17280,298.47,44.515
17640,298.95,44.69
18000,298.63,44.515
18360,298.63,44.345
18720,298.47,44.255
19080,298.47,44.775
19440,298.47,44.6
19800,299.6,41.65
20160,298.47,44.255
20520,298.63,42
20880,298.63,42
21240,298.47,44.6
21600,298.63,44.34
21960,298.31,46.68
22320,298.63,46.51
22680,298.79,44.43
23040,298.31,43.73
23400,298.31,45.035
23760,298.47,45.12
24120,298.47,45.295
24480,298.95,47.2
24840,298.63,45.38
25920,298.47,45.73
26280,298.63,43.73
26640,298.63,43.04
27000,298.31,45.555
27360,298.31,45.815
27720,298.63,43.56
28080,298.47,45.725
28440,298.145,47.115
28800,298.63,47.72
29160,298.31,47.72
29520,299.27,44.08
29880,298.31,45.815
30240,298.47,46.335
30600,298.47,46.335
30960,298.47,46.25
31320,299.755,46.505
31680,298.63,44.25
32040,298.63,44.95
32400,298.79,48.33
32760,298.79,50.76
33120,298.63,56.22
33480,299.27,51.19
33840,298.95,51.71
34200,298.47,51.54
34560,298.31,48.42
36000,299.27,47.2
36360,298.63,51.54
37080,298.31,45.12
37440,298.95,44.95
37800,298.31,45.3
38160,298.63,44.95
38520,298.63,47.725
38880,298.79,47.55
39240,299.11,46.765
39600,298.79,46.77
39960,298.95,46.425
40320,298.63,46.425
40680,298.31,49.28
41040,298.95,44.08
41400,298.31,43.56
41760,298.63,44.08
42120,298.47,45.815
42480,298.47,45.555
42840,298.47,45.64
43200,298.47,45.645
43560,299.275,45.47
43920,299.27,47.55
44280,298.31,47.9
44640,298.79,45.555
45000,299.27,45.47
45360,299.27,45.295
45720,299.27,42.69
46080,299.275,44.6
46440,299.27,47.03
46800,299.6,44.255
47160,298.95,44.515
47520,299.115,44.945
47880,298.79,44.165
48240,299.27,44.165
48600,298.79,44.165
48960,298.95,41.65
49680,298.63,44.43
50040,299.11,43.91
50400,299.27,41.31
50760,299.6,40.79
51480,299.76,43.475
51840,299.435,43.3
52200,299.6,41.13
52560,300.4,43.39
52920,299.27,44.085
53280,299.27,46.51
53640,299.27,47.55
54000,298.79,45.725
54360,298.79,45.73
54720,298.79,45.555
55080,299.27,46.245
55440,299.11,46.075
55800,299.6,43.39
56160,300.24,44.08
56520,298.95,44.08
57240,298.95,44.6
57600,299.6,44.25
57960,298.95,44.6
58320,298.95,46.855
58680,299.435,46.16
59040,298.95,47.115
59400,298.95,49.46
59760,298.63,49.8
60120,298.79,47.025
60480,298.63,46.855
60840,299.11,46.77
61200,298.79,47.03
61560,299.27,47.025
61920,299.6,44.77
62280,298.95,47.2
62640,298.79,46.855
63000,299.27,44.43
63360,298.79,46.855
63720,298.63,49.28
64080,299.11,46.765
64440,299.11,46.94
64800,298.79,46.94
65160,299.275,46.855
65520,298.63,46.94
65880,299.11,47.285
66240,298.79,47.03
66600,298.79,47.115
66960,298.79,47.29
67320,299.275,46.94
67680,299.92,44.77
68040,299.27,44.25
68760,299.27,44.43
69120,299.6,44.25
69480,299.6,44.25
69840,299.595,46.855
70200,299.755,46.595
70560,299.755,46.765
70920,299.435,46.595
71280,299.435,46.51
71640,299.6,46.77
72000,299.435,46.685
72360,299.27,49.11
72720,298.95,49.98
73080,298.95,49.98
73440,298.95,47.465
73800,298.95,47.465
74160,299.115,47.895
74520,298.79,47.98
74880,298.95,47.635
75240,298.79,47.72
75600,298.79,48.07
75960,298.63,48.07
77040,298.95,45.64
78120,298.63,47.985
78480,298.47,47.985
78840,298.31,50.32
79200,298.305,47.72
79560,298.63,47.81
79920,298.305,47.465
80280,298.63,47.81
80640,298.63,47.81
81000,298.145,47.545
81360,298.145,47.285
81720,298.145,47.725
82080,298.145,47.46
82440,298.305,47.38
82800,298.31,44.95
83160,298.63,47.115
83520,298.95,47.29
83880,298.63,47.115
84240,298.31,47.2
84600,298.31,44.43
84960,298.63,47.115
85320,298.465,46.68
85680,298.31,46.855
86040,298.31,46.94
0,298.47,46.68
360,298.145,46.855
720,298.145,46.595
1080,298.31,48.76
1440,297.98,49.11
1800,298.145,46.51
2160,298.145,46.68
2520,298.63,46.51
2880,297.98,48.76
3240,298.31,43.56
3600,298.31,43.73
3960,298.31,44.08
4320,298.63,49.11
5040,298.95,44.08
5400,297.98,48.76
5760,297.98,49.28
6120,298.465,46.42
6480,298.145,46.51
6840,298.145,46.68
7200,298.95,44.43
7560,298.95,44.6
7920,298.95,44.77
8280,298.63,44.25
8640,297.98,44.43
9000,298.63,45.12
9360,297.98,45.12
9720,298.95,44.6
10080,297.98,46.855
10440,298.47,46.945
10800,298.145,47.115
11160,298.305,47.115
11520,298.47,47.115
11880,297.985,47.465
12240,297.98,47.375
12600,297.98,49.11
12960,297.98,49.28
13320,298.145,46.855
13680,297.82,46.94
14040,297.98,47.81
14400,297.98,45.64
14760,297.98,47.72
15120,298.145,47.635
15480,298.31,47.205
15840,298.145,47.38
16200,297.98,47.375
16560,297.985,47.55
16920,298.145,48.33
17280,298.31,50.5
17640,297.66,50.5
18000,298.465,48.59
18360,297.98,48.42
18720,297.82,48.245
19080,297.66,50.32
19440,298.31,49.98
19800,298.31,46.68
20160,297.98,47.2
20520,298.145,49.025
20880,297.98,47.9
21240,297.98,47.55
21600,298.63,47.9
21960,297.98,48.07
22320,297.66,50.5
22680,297.66,50.84
23040,297.66,49.89
23400,298.145,49.715
23760,297.985,49.805
24120,297.82,49.89
24480,298.79,49.805
24840,297.66,51.37
25200,297.66,49.11
25560,297.66,48.94
25920,299.27,49.28
26280,297.82,50.15
26640,297.66,50.67
27000,297.66,51.02
27360,297.66,50.67
27720,297.82,50.155
28080,297.98,48.94
28440,297.98,49.28
28800,297.82,49.89
29160,298.79,49.895
29520,297.66,50.41
29880,297.66,48.94
30240,297.66,48.59
30600,297.66,49.11
30960,298.63,51.19
31320,298.31,51.02
31680,297.82,50.235
32040,297.98,48.42
32400,298.305,49.805
32760,298.95,51.37
33480,298.63,46.86
33840,298.63,47.55
34560,298.63,47.38
34920,298.63,47.03
36000,298.63,50.15
36360,298.63,49.98
36720,298.63,48.42
37080,298.79,48.16
37440,298.95,50.15
37800,298.95,49.98
38160,298.63,50.5
38520,298.63,48.415
38880,299.11,47.81
39240,299.27,50.32
39600,298.79,47.895
39960,298.79,48.07
40320,298.95,47.81
40680,299.27,47.55
41040,299.435,47.205
41400,299.11,47.375
41760,299.595,47.29
42120,298.79,47.205
42480,299.11,47.38
42840,299.27,47.115
43200,299.11,47.115
43560,299.27,47.985
43920,298.79,48.415
44280,298.63,49.285
44640,298.79,48.675
45000,298.47,49.025
45360,298.305,49.37
45720,298.47,49.545
46080,298.47,49.89
46440,298.47,49.285
46800,299.27,47.2
47160,299.11,48.505
47520,299.27,47.98
47880,299.11,48.155
48240,299.595,48.675
48600,300.08,48.505
48960,299.11,49.285
49320,299.755,48.765
49680,299.435,48.68
50040,299.435,48.155
50400,299.6,48.505
50760,299.76,48.245
51120,299.435,48.675
51480,299.6,51.37
51840,299.92,48.935
52200,299.435,49.545
52560,300.08,49.025
52920,299.435,49.195
53280,299.435,48.935
53640,300.565,49.025
54000,299.27,51.19
54360,299.76,48.94
54720,299.595,49.37
55080,299.595,49.025
55440,299.76,49.805
55800,299.435,50.325
56160,299.76,51.195
56520,299.595,51.02
56880,299.595,50.325
57240,299.76,50.15
57600,299.76,49.715
57960,299.595,50.065
58320,300.4,50.24
58680,300.08,49.98
59040,299.76,50.065
59400,299.275,50.325
59760,299.275,50.585
60120,299.275,50.5
60480,299.275,50.845
60840,299.435,50.755
61200,299.595,50.76
61560,299.6,50.5
61920,299.11,50.76
62280,299.11,51.015
62640,299.435,50.76
63000,299.27,48.42
63360,299.275,50.675
63720,299.11,50.845
64080,299.27,50.41
64440,299.595,50.325
64800,299.435,50.41
65160,299.275,50.41
65520,299.11,50.585
65880,299.11,50.5
66240,300.08,50.235
66600,299.435,50.065
66960,299.27,49.975
67320,299.435,49.89
67680,299.6,52.41
68040,299.11,49.98
68400,299.755,49.635
68760,299.435,49.455
69120,299.92,48.94
69480,299.27,49.375
69840,299.27,49.285
70200,299.435,49.115
70560,299.275,48.765
70920,299.27,48.94
71280,299.92,48.765
71640,299.275,48.155
72000,299.27,48.415
72360,299.11,48.595
72720,299.595,48.505
73080,298.95,48.505
73440,299.6,48.415
73800,298.95,48.505
74160,299.27,48.59
74520,298.95,48.33
74880,299.11,48.765
75240,298.79,48.5
75600,298.95,48.505
75960,298.95,48.42
76320,298.79,48.245
76680,298.79,48.33
77040,298.47,48.24
77400,298.63,48.765
77760,298.79,48.765
78120,298.63,48.85
78480,298.79,48.59
78840,298.47,48.59
79200,298.47,48.59
79560,298.63,45.99
79920,298.63,48.59
80280,298.47,48.33
80640,298.465,48.42
81000,298.47,48.68
81360,298.31,48.505
81720,298.47,48.68
82080,298.79,48.59
82440,298.47,48.245
82800,298.47,48.245
83160,298.63,48.505
83520,298.63,48.07
83880,298.31,48.07
84240,298.31,51.19
84600,298.465,47.9
84960,298.145,48.07
85320,298.145,48.33
85680,298.47,48.07
86040,299.115,48.07
0,297.98,48.245
360,298.145,47.635
720,298.31,47.64
1080,298.31,47.55
1440,298.145,47.29
1800,298.145,47.285
2160,298.145,47.72
2520,298.145,47.375
2880,298.145,47.29
3240,298.47,47.29
3600,298.145,47.285
3960,298.145,47.375
4320,297.98,47.375
4680,298.145,47.55
5040,297.985,47.635
5400,297.98,47.03
5760,299.435,47.03
6120,298.625,47.115
6480,298.465,47.635
6840,298.31,47.55
7200,297.98,47.895
7560,298.31,47.285
7920,298.625,47.545
8280,297.98,47.895
8640,297.98,47.985
9000,298.145,47.81
9360,298.31,45.3
9720,297.82,47.98
10080,297.985,47.985
10440,297.98,47.985
10800,297.98,47.98
11160,298.145,48.5
11520,297.82,47.725
11880,299.115,48.07
12240,297.82,47.895
12600,297.98,48.505
12960,298.145,48.155
13320,297.82,48.24
13680,298.305,48.415
14040,297.66,50.67
14400,297.985,48.415
14760,297.82,48.59
15120,298.305,48.5
15480,297.82,48.5
15840,298.305,48.675
16200,297.82,49.11
16560,297.82,48.765
16920,297.82,49.02
17280,298.145,49.2
17640,298.145,49.28
18000,298.145,49.285
18360,298.31,49.025
18720,297.98,48.935
19080,297.98,49.025
19440,297.82,49.37
19800,297.82,49.37
20160,297.82,49.455
20520,297.82,49.195
20880,298.145,49.11
21240,297.82,49.2
21600,298.145,49.285
21960,297.82,48.935
22320,298.305,48.85
22680,297.82,48.76
23040,298.145,48.935
23400,297.985,48.765
23760,298.465,49.025
24120,297.985,49.2
24480,297.82,48.505
24840,297.82,49.11
25200,298.145,49.11
25560,297.66,47.03
25920,298.465,49.285
26280,297.82,48.94
26640,298.145,48.85
27000,297.82,48.76
27360,297.82,48.76
27720,297.985,48.765
28080,297.98,48.59
28440,298.145,48.59
28800,297.98,48.59
29160,298.31,48.505
29520,298.465,48.24
29880,298.145,48.94
30240,297.66,50.5
30600,297.82,48.24
30960,297.66,48.68
31320,297.82,48.415
31680,297.82,47.725
32040,297.82,48.33
32400,298.145,47.895
32760,300.08,48.155
33120,298.31,47.81
33480,298.31,47.725
33840,297.82,47.725
34200,298.145,47.29
34560,298.47,47.115
34920,298.31,46.77
35280,299.27,44.6
36000,298.79,46.075
36360,298.79,46.595
36720,298.63,45.985
37080,298.47,46.165
37440,298.95,45.985
37800,298.79,45.725
38160,298.63,45.73
38520,299.11,45.21
38880,298.95,43.04
39240,298.95,42.69
39600,299.27,42.69
39960,298.79,45.12
40320,299.275,45.21
40680,298.79,44.95
41040,298.79,45.12
41400,299.11,44.86
42120,298.63,47.72
42480,299.27,47.55
42840,299.27,47.38
43200,298.95,45.295
43560,299.11,45.21
43920,299.11,45.035
44280,298.95,47.2
44640,299.27,47.03
45000,298.79,45.465
45360,298.79,45.205
45720,298.95,43.21
46080,298.95,43.73
46440,298.63,48.07
46800,299.115,46.245
47160,298.95,46.075
47520,298.95,43.73
47880,299.11,46.165
48240,298.79,46.25
48600,299.11,46.505
48960,299.435,46.075
49320,298.79,46.165
49680,298.95,46.855
50040,299.11,46.335
51120,299.11,46.94
51480,299.435,46.855
51840,299.11,46.68
52200,299.595,46.855
52560,299.11,47.115
52920,298.79,47.725
53280,299.435,47.465
53640,299.27,46.945
54000,299.595,47.205
54360,299.6,47.025
54720,299.11,47.635
55080,299.11,48.07
55440,299.92,48.07
55800,299.435,47.635
56160,299.11,48.42
56520,299.275,48.33
56880,299.27,48.33
57240,299.595,48.42
57600,299.27,48.765
57960,299.92,45.82
58320,299.92,46.68
58680,299.27,46.34
59040,299.595,48.33
59760,300.24,46.34
60120,299.6,48.59
60480,299.6,48.155
60840,299.435,48.24
61200,299.435,48.505
61560,299.76,48.59
61920,299.435,48.675
62280,299.435,48.415
63000,299.435,48.505
63360,299.6,48.505
63720,299.11,49.285
64080,299.435,49.375
64440,299.27,51.89
64800,299.11,49.025
65160,299.11,49.635
65520,301.375,49.46
65880,299.11,49.72
66240,299.11,50.065
66600,298.79,50.065
66960,298.95,50.155
67320,299.92,47.38
67680,299.27,47.03
68040,299.27,47.03
68400,299.11,49.285
68760,299.435,49.375
69120,299.275,49.2
69480,299.6,51.19
69840,298.95,51.19
70200,299.435,48.59
70560,299.275,48.415
70920,300.08,48.245
71280,299.435,48.245
71640,299.27,48.155
72000,299.27,47.725
72360,299.435,48.155
72720,298.95,47.81
73080,298.63,50.5
73440,298.95,50.67
73800,300.08,47.635
74160,299.27,45.12
74520,299.11,47.895
74880,298.95,47.725
75240,298.95,47.81
75600,298.63,47.635
75960,298.63,50.32
76680,298.95,45.3
77040,298.63,45.12
77400,298.31,49.98
77760,298.79,47.635
78120,298.79,47.375
78480,298.63,49.8
78840,298.63,49.98
79200,298.47,47.375
79560,298.63,47.465
79920,298.63,47.2
80280,298.47,47.205
80640,298.63,47.725
81000,298.63,44.08
81360,298.31,44.25
81720,298.305,47.55
82080,298.625,47.205
82440,298.31,47.115
82800,298.145,47.55
83160,297.985,47.115
83520,298.79,47.375
83880,298.31,47.115
84240,298.145,47.205
84600,298.31,44.43
84960,298.31,47.285
85320,297.66,49.8
85680,298.145,47.985
86040,298.31,47.635
0,297.98,47.2
360,298.31,47.2
720,298.145,47.81
1080,298.145,47.72
1440,298.145,47.985
1800,298.31,47.545
2160,298.47,47.55
2520,298.145,47.29
3960,297.98,45.64
4320,298.145,47.285
4680,297.98,47.985
5040,297.98,48.68
5400,297.98,48.33
5760,297.66,48.415
6120,298.145,48.59
6480,297.98,50.32
6840,297.98,50.32
7200,297.66,50.32
7560,298.145,48.59
7920,298.145,48.42
8280,298.145,48.415
8640,297.98,49.98
9000,297.66,48.59
9360,298.145,48.935
9720,297.66,47.55
10080,297.98,49.285
10440,297.66,50.32
10800,297.98,50.5
11160,298.31,50.15
11520,297.98,50.84
12240,297.98,48.94
12600,298.145,49.975
12960,298.31,50.065
13320,297.98,51.54
13680,297.66,51.54
14040,297.985,50.325
14400,297.985,50.325
14760,297.66,50.495
15120,297.82,50.67
15480,297.82,51.105
15840,297.66,51.02
16200,297.66,50.5
16560,297.82,51.105
16920,297.98,51.71
17280,298.31,51.89
17640,297.66,52.41
18000,297.82,51.365
18360,297.98,51.625
18720,297.66,51.71
19080,297.66,52.06
19440,298.47,51.54
19800,298.145,51.02
20880,297.66,51.37
21240,297.985,51.625
21600,297.82,51.8
21960,298.95,52.23
22320,297.66,52.23
22680,297.66,51.8
23040,297.82,52.58
23400,297.985,52.32
23760,297.66,52.23
24120,297.66,52.58
24480,297.66,52.145
24840,297.98,53.1
25920,297.66,52.41
26280,297.66,52.32
26640,297.34,52.58
27000,297.98,53.1
27360,297.34,52.93
27720,297.82,52.23
28080,298.145,52.32
28440,297.66,52.75
28800,297.66,51.02
29160,298.31,50.5
29520,297.66,50.15
29880,297.66,50.32
30240,297.98,48.24
30600,298.145,49.545
30960,298.31,47.9
31680,298.145,49.89
32040,298.47,49.715
32400,298.305,48.765
32760,299.76,49.455
33120,298.145,49.285
33480,298.145,49.46
33840,298.465,49.455
34200,297.98,49.63
34560,298.63,49.02
34920,298.47,48.505
36000,298.47,47.81
36720,297.98,49.8
37080,298.305,47.81
37440,297.98,48.07
37800,298.47,47.635
38160,298.31,47.55
38520,298.145,47.895
38880,299.11,48.24
39240,300.565,48.765
39600,298.31,48.415
39960,298.31,50.5
40320,298.95,50.5
40680,299.275,47.895
41040,299.27,50.5
41400,299.27,47.9
41760,299.435,47.635
42120,299.27,49.63
42480,299.6,49.46
42840,299.6,49.28
43920,299.92,46.075
44280,300.245,45.9
44640,299.6,45.73
45000,300.24,46.075
45360,300.08,45.905
45720,299.76,45.9
46080,299.27,46.25
46440,299.11,46.335
46800,299.11,45.9
47160,298.95,45.985
47520,299.27,43.56
47880,299.27,48.42
48240,298.63,48.76
48600,298.79,45.99
48960,299.595,46.51
49320,299.595,46.68
49680,300.24,49.63
50040,299.92,49.46
50400,299.92,47.465
50760,299.92,47.205
51120,299.92,47.375
51480,299.6,44.6
51840,299.92,44.95
52200,299.92,47.9
52560,299.92,45.3
52920,299.92,47.2
53280,299.76,47.46
53640,299.76,47.635
54000,300.24,47.635
54360,300.405,47.46
54720,300.08,47.725
55080,300.08,47.81
55440,299.92,45.12
55800,299.915,48.07
56160,300.24,48.155
56520,300.56,45.12
56880,300.89,45.47
57240,299.92,49.98
57600,300.24,47.635
57960,300.565,47.985
58320,299.92,49.98
58680,300.24,50.67
59040,300.08,48.07
59400,299.76,48.245
59760,299.92,47.64
60120,299.435,48.07
60480,299.92,49.025
60840,299.595,49.285
61200,300.565,48.765
61560,299.76,48.155
61920,299.595,49.025
62280,299.92,48.85
62640,299.6,51.37
63000,299.595,48.155
63360,299.435,47.725
63720,299.27,47.285
64080,299.435,47.375
64440,299.435,47.2
64800,299.11,47.03
65160,303.15,45.3
65520,299.6,44.77
65880,298.95,46.505
66240,298.95,47.115
66600,299.11,47.03
66960,298.95,44.95
67320,299.27,44.43
67680,298.79,46.595
68040,299.11,46.335
68400,299.11,46.51
68760,299.27,44.08
69120,298.95,47.115
69480,298.95,47.205
69840,298.79,47.115
70200,299.27,46.685
70560,298.79,46.505
70920,299.11,46.94
71280,298.95,49.11
71640,299.27,48.94
72000,299.11,46.595
72360,298.95,47.115
72720,298.95,44.6
73080,302.82,44.6
73440,298.63,48.94
73800,298.95,46.94
74160,298.47,46.77
74520,298.31,49.98
74880,298.95,49.46
75240,299.595,47.205
75600,298.47,46.94
75960,298.47,47.895
76320,298.31,45.82
76680,298.31,44.95
77040,297.98,45.82
77400,298.31,45.99
77760,298.95,46.16
78120,298.145,48.245
78480,298.145,48.505
78840,297.98,47.98
79200,298.47,48.07
79560,298.145,47.81
79920,297.98,46.16
80280,297.98,46.86
80640,298.31,46.68
81000,298.305,48.16
81360,298.63,46.16
81720,298.95,46.68
82080,298.145,48.505
82440,298.145,48.675
82800,297.98,49.11
83160,297.98,48.85
83520,298.145,48.935
83880,297.98,49.11
84240,298.145,49.195
84600,297.82,49.025
85320,298.31,50.67
85680,297.985,49.02
86040,297.98,49.025
0,298.145,49.2
360,298.31,48.85
720,297.82,49.195
1080,297.66,48.94
1440,298.625,48.85
1800,298.145,49.28
2160,297.66,48.76
2520,298.145,49.11
2880,297.98,49.195
3240,297.98,50.5
3600,297.98,47.03
3960,297.98,46.68
4320,297.66,47.2
4680,297.82,49.2
5040,297.985,48.935
5400,297.82,49.02
5760,298.145,48.85
6120,298.305,49.2
6480,297.66,48.935
6840,297.66,50.84
7200,297.66,48.85
7560,297.5,48.935
7920,298.63,47.03
8280,297.82,48.935
8640,297.66,48.505
9000,297.66,47.2
9360,297.66,48.07
10080,298.145,49.2
10440,297.82,49.37
10800,297.66,49.46
11160,297.98,48.94
11880,297.82,49.46
12240,297.66,49.89
12600,297.66,48.59
12960,297.66,49.28
13680,297.66,49.98
14040,297.66,49.805
14400,297.66,50.15
14760,297.66,49.46
15120,297.98,50.15
15480,297.82,50.06
15840,297.66,50.06
16200,297.66,50.15
16560,297.66,50.235
16920,297.66,50.325
17280,297.82,50.755
17640,297.82,50.585
18000,297.985,50.235
18360,297.5,50.325
18720,297.985,50.325
19080,297.66,49.975
19440,297.34,50.41
20160,297.34,49.46
20520,297.98,50.84
20880,297.66,51.02
21240,297.66,50.5
21600,297.98,51.37
21960,297.66,51.19
22320,297.82,50.675
22680,298.145,50.325
23040,297.66,50.5
23400,297.66,51.37
23760,297.66,51.19
24120,297.825,50.325
24480,297.66,50.325
24840,297.5,49.89
25200,297.34,49.805
25560,297.66,50.065
25920,297.82,50.065
26280,297.985,50.065
26640,297.66,49.715
27000,297.5,49.805
27360,297.82,49.63
27720,297.5,49.63
28080,297.66,51.02
28440,297.66,50.84
28800,297.34,47.55
29160,297.5,48.94
29520,297.66,50.5
29880,297.5,49.02
30240,297.66,49.025
30600,297.66,48.505
30960,297.34,49.63
31680,297.66,47.81
32040,298.145,47.635
32400,297.66,49.28
32760,298.145,47.03
33120,297.98,45.12
33480,297.98,45.3
33840,299.755,46.51
34200,298.31,48.42
34560,298.145,46.51
34920,298.145,46.165
35280,297.98,48.07
36000,297.98,47.72
36360,297.98,45.64
36720,298.145,45.295
37080,297.98,45.295
37440,298.145,45.035
37800,298.47,44.95
38160,297.98,45.21
38520,297.98,47.2
38880,298.31,47.38
39240,298.145,45.295
39600,297.98,42.87
39960,298.31,42.69
40320,298.79,44.685
40680,297.98,42.52
41400,298.31,43.3
41760,297.82,43.215
42120,297.98,42.955
42480,297.66,44.6
42840,298.31,44.77
43200,297.98,40.09
43560,298.31,40.61
43920,298.95,40.09
44280,297.98,39.92
44640,298.31,39.92
45360,297.98,44.08
45720,298.145,42.175
46080,298.31,42.085
46440,298.31,42.695
46800,298.47,42.52
47160,298.31,42.435
47520,298.63,40.27
47880,298.31,43.73
48240,298.31,44.6
48600,298.31,42
48960,298.31,41.915
49320,298.31,42.085
49680,298.63,43.73
50040,298.63,43.91
50400,298.31,43.91
50760,298.47,41.825
51120,299.115,42
51480,298.79,42.175
51840,298.47,42
52200,298.31,43.91
52560,298.31,44.08
52920,298.31,40.27
53280,298.145,41.825
53640,298.31,42
54000,298.63,43.39
54360,298.31,43.56
54720,298.145,41.48
55080,297.98,41.395
55440,298.145,42
55800,298.31,41.825
56160,298.63,41.915
56880,298.31,44.08
57240,298.79,41.48
57600,298.63,42.085
57960,298.63,41.825
58320,298.47,42.175
58680,299.435,42.345
59040,298.47,42.26
59400,298.47,42.435
59760,298.63,42.69
60120,298.47,42.345
60480,298.63,44.43
60840,298.63,44.08
61200,298.31,42
61560,298.63,39.4
61920,298.31,39.92
62280,298.31,44.25
62640,298.95,44.08
63000,298.63,41.91
63360,298.95,43.91
64080,298.31,42.085
64440,298.305,42.26
64800,298.79,42.26
65160,298.63,42.43
65520,298.63,40.09
65880,298.31,41.13
66240,298.47,42.61
66600,298.63,44.95
66960,298.63,43.13
67320,298.95,43.475
67680,298.79,43.04
68040,298.63,43.475
68760,298.31,42
70200,299.435,44.515
70560,298.95,44.43
70920,298.95,44.43
71280,299.275,44.34
71640,298.63,44.775
72000,299.11,45.035
72360,298.63,45.21
72720,299.275,44.95
73080,298.63,44.865
73440,298.63,45.295
73800,299.92,45.465
74160,298.95,44.865
74520,298.47,45.64
74880,298.95,42.69
75240,298.63,43.04
75600,298.95,45.555
75960,298.47,45.385
76320,298.31,47.72
76680,298.63,45.645
77040,298.31,46.075
77400,298.47,46.16
77760,298.63,43.21
78480,299.595,45.9
78840,298.63,45.73
79200,298.31,48.07
79560,298.47,45.47
79920,298.31,43.39
80280,298.63,47.72
80640,298.31,47.9
81000,298.31,43.04
81360,298.31,42.69
81720,298.63,45.295
82080,298.79,44.95
82440,298.31,42.52
82800,297.98,47.55
83160,298.31,44.945
83520,298.47,44.515
83880,298.31,44.865
84240,298.47,44.6
84600,298.31,47.38
84960,299.595,44.43
85320,297.98,41.83
85680,297.98,41.65
86040,297.66,42.17
