#1
double data(4005,3)
40320,253.48,100.45
40680,255.41,100.45
41040,261.54,100.62
41400,281.7,71.74
41760,285.085,71.31
42120,279.115,71.31
42480,298.95,43.56
43200,298.95,42.87
43560,298.95,43.56
43920,298.95,43.73
44280,298.95,44.08
44640,299.27,44.25
45000,298.95,43.73
45720,298.79,72.435
46800,299.92,46.505
47160,298.79,46.855
47520,298.63,46.945
47880,298.79,47.29
48240,298.79,46.855
48600,298.79,46.68
48960,299.595,46.335
49320,299.275,46.165
50400,298.95,43.39
50760,298.95,46.335
51120,298.79,45.815
51480,298.63,48.94
51840,298.63,48.76
52200,298.79,46.595
52560,299.27,46.685
52920,298.79,46.595
53280,298.63,49.28
54000,299.11,46.25
54360,299.11,46.335
54720,299.11,45.985
55080,298.63,48.94
55440,299.27,43.56
55800,298.79,45.985
56160,298.95,46.335
56520,298.79,46.075
56880,299.27,44.08
57600,298.95,43.91
57960,298.95,43.73
58320,299.11,45.47
58680,299.11,45.205
59040,299.435,45.64
59400,298.95,45.815
59760,299.115,45.985
60120,298.79,45.385
60480,298.95,42.69
61200,299.595,44.255
61560,300.08,44.085
61920,298.79,44.34
62280,298.95,43.65
62640,298.95,44.17
63000,299.27,40.96
63360,298.79,44.08
63720,298.95,42.61
65160,298.63,45.12
65520,299.115,43.305
65880,298.79,43.125
66240,298.79,43.3
66960,298.95,43.65
67320,299.755,42.955
67680,298.95,45.3
68400,298.63,44.95
68760,299.435,42.955
69120,299.595,42.525
69480,299.275,42.435
69840,299.76,42
70200,299.435,41.215
70560,299.275,41.565
70920,298.95,41.74
71280,298.95,44.43
72000,298.79,42.695
72360,298.95,42.695
72720,298.31,43.3
73080,298.31,43.65
73440,298.63,43.735
73800,298.63,43.215
74160,298.47,43.13
74520,298.47,43.56
74880,298.63,40.96
75600,298.31,43.215
75960,298.47,43.735
76320,297.98,45.82
76680,297.98,45.99
77040,298.305,43.475
77400,298.145,43.475
77760,298.31,43.735
78120,298.31,43.995
79200,298.63,41.48
79560,297.98,43.82
79920,297.82,43.735
80280,297.98,46.34
80640,297.98,46.51
81000,298.31,41.31
81360,297.82,43.995
81720,297.82,44.345
83160,297.985,44.255
83520,298.465,44.17
83880,298.305,43.91
84240,298.145,44.165
84600,297.98,41.48
85320,297.98,47.03
85680,297.82,44.515
86040,297.66,44.865
0,298.305,45.035
360,297.82,45.035
720,297.66,44.86
1080,297.66,47.2
1440,297.66,45.125
1800,297.66,45.38
2160,297.82,45.385
2520,297.34,43.73
2880,297.66,43.56
3240,297.66,44.08
3600,297.66,47.55
3960,297.34,47.55
4320,297.66,45.64
4680,297.5,45.815
5040,297.34,46.16
5400,297.5,45.645
5760,297.5,45.905
6120,297.5,45.815
6480,297.34,46.25
6840,297.34,46.075
7200,297.34,45.985
7560,297.985,46.335
7920,297.825,46.335
8280,297.5,46.42
8640,297.34,46.595
9000,297.34,46.6
9360,297.825,46.685
9720,297.34,48.24
10080,297.34,47.205
10440,297.34,47.465
10800,297.34,47.03
11160,297.34,46.855
11520,297.825,46.94
11880,297.18,46.94
12240,297.34,47.29
12600,297.02,46.34
12960,297.18,47.205
13320,297.34,47.64
13680,297.18,47.635
14040,297.34,47.81
14400,297.18,47.635
14760,297.665,47.725
15120,297.5,47.81
15480,297.98,49.46
15840,298.31,48.94
16200,297.34,46.34
16560,297.02,46.51
16920,297.18,47.9
17280,297.34,49.11
17640,297.18,47.895
18000,297.34,47.985
18360,297.34,48.16
18720,297.18,47.81
19080,297.66,46.51
19800,297.02,48.245
20160,297.18,48.245
20520,297.34,48.155
20880,297.825,48.07
21240,297.66,48.415
21600,297.18,48.33
21960,297.665,48.33
22320,297.34,48.155
22680,297.18,48.07
23040,297.18,48.675
23400,297.02,47.38
23760,297.02,48.505
24120,297.825,48.155
24480,297.5,48.155
24840,297.02,48.415
25200,297.665,48.675
25560,297.02,47.9
25920,297.02,47.03
26280,297.34,48.415
26640,297.825,48.675
27000,297.18,48.76
27360,297.18,48.5
27720,297.18,48.765
28080,297.66,49.63
28440,297.34,49.28
28800,297.66,45.47
29160,297.34,48.94
29520,297.66,49.63
29880,297.5,47.375
30240,298.145,46.855
30600,298.95,43.73
30960,297.66,44.08
31320,298.31,46.245
31680,298.145,46.42
32040,298.305,46.595
32400,298.145,46.855
32760,298.145,46.42
33120,298.63,46.765
33480,299.6,48.76
34200,297.98,47.9
34560,297.98,47.72
34920,298.47,45.295
35280,298.47,45.205
35640,298.47,44.95
36000,298.47,44.86
36360,298.63,44.775
36720,298.79,45.035
37080,298.63,45.295
37440,298.63,45.47
37800,298.95,42.69
38160,298.95,42.87
38520,298.47,46.68
38880,298.95,43.39
39600,298.47,49.37
39960,298.47,47.98
40320,300.405,46.945
40680,298.63,46.765
41040,298.305,46.94
41400,298.79,47.03
41760,298.63,44.08
42120,299.92,44.25
43200,298.63,46.595
43560,298.79,47.29
43920,298.95,46.595
44280,298.95,46.42
44640,298.79,46.595
45000,299.27,43.91
45360,299.115,46.68
45720,299.115,46.51
46080,298.31,48.42
46800,298.47,46.16
47160,298.63,48.24
47520,298.63,48.24
47880,298.79,46.075
48240,298.63,45.555
48600,298.95,44.515
48960,299.435,44.775
49320,299.595,45.035
49680,298.63,47.9
50400,299.27,46.25
50760,299.275,45.9
51120,299.11,46.075
51480,298.95,47.115
51840,299.27,48.59
52200,298.95,46.94
52560,299.11,46.51
52920,298.95,44.08
53280,299.27,44.08
54000,298.95,47.9
54360,298.63,48.24
54720,299.275,45.64
55080,298.79,45.815
55440,298.79,45.38
55800,299.27,42.87
56160,298.79,44.86
56520,298.79,44.69
57600,298.63,44.775
57960,298.63,42.69
58320,298.63,42.35
58680,298.95,44.775
59040,298.79,44.43
59400,298.63,44.605
59760,298.79,44.255
60120,298.47,44.43
61200,298.63,44.085
61560,298.63,41.83
61920,298.31,43.995
62280,298.63,43.475
62640,298.63,43.56
63000,298.63,43.65
63360,299.275,43.475
63720,300.89,43.39
64080,298.31,45.47
64800,298.47,43.04
65160,298.79,42.78
65520,298.63,42.865
65880,298.79,43.04
66240,298.31,45.3
66600,298.47,43.475
66960,298.47,42.87
67320,298.63,42.78
67680,299.92,40.44
68400,298.47,42.865
68760,298.63,42.345
69120,299.6,44.43
69480,299.27,44.43
69840,298.47,42.695
70200,298.63,42.345
70560,298.63,42.695
70920,298.47,42.78
71280,298.95,41.31
72000,298.31,40.79
72360,298.31,42.955
72720,298.145,43.475
73080,298.31,45.47
73440,297.98,45.82
73800,298.79,43.565
74160,298.145,43.825
74520,298.145,43.735
75600,298.145,43.82
75960,298.145,43.995
76320,298.145,44.43
76680,297.82,44.605
77040,297.82,44.69
77400,297.98,46.51
77760,297.98,43.39
78120,297.66,43.21
79200,300.24,45.125
79560,297.66,45.12
79920,297.82,45.125
80280,297.5,45.295
80640,297.5,45.295
81000,297.66,46.86
81360,297.66,45.125
81720,297.66,45.385
82080,297.66,47.38
82800,297.98,43.56
83160,297.66,43.56
83520,297.5,45.815
83880,297.66,43.73
84600,297.985,45.725
84960,297.66,46.075
85320,297.985,46.335
85680,297.66,45.815
86040,297.66,46.075
0,297.66,46.335
360,297.5,46.595
720,297.985,46.51
1080,297.5,47.2
1440,298.145,47.205
1800,297.66,45.99
2160,297.66,47.55
2520,297.5,47.81
2880,297.82,48.24
3240,297.66,48.07
3600,297.66,49.11
3960,297.66,49.28
4320,297.5,48.415
4680,297.66,48.505
5040,297.34,48.765
5400,297.66,48.59
5760,297.66,49.285
6120,297.34,49.28
6480,297.34,49.195
6840,297.5,49.11
7200,297.34,49.37
7560,297.02,48.59
7920,297.665,49.455
8280,297.18,49.285
8640,297.34,49.63
9000,297.18,49.2
9360,297.34,49.455
9720,297.18,49.025
10080,297.825,49.54
10440,297.66,49.11
10800,297.34,50.84
11160,297.18,49.715
11520,297.985,49.2
11880,297.18,49.37
12240,297.34,50.32
12600,297.02,48.07
12960,297.34,48.59
13320,297.18,49.46
13680,297.18,49.98
14040,297.18,49.805
14400,297.18,49.545
14760,297.34,48.935
15120,299.115,48.935
15480,297.34,46.68
16200,297.34,49.2
16560,297.18,49.37
16920,297.18,49.63
17280,297.02,48.24
17640,297.02,48.76
18000,298.31,50.5
18720,297.02,49.46
19080,297.18,50.845
19440,297.665,50.585
19800,297.825,50.5
20160,298.31,50.325
20520,297.18,50.755
20880,297.18,50.755
21240,297.66,50.67
21600,297.18,50.76
21960,297.18,51.195
22320,297.02,51.105
22680,297.18,50.935
23040,297.18,51.105
23400,297.02,49.8
23760,297.02,49.63
24120,297.02,51.365
24480,296.855,51.365
24840,297.34,51.54
25200,297.34,51.365
25560,297.015,51.625
25920,296.855,51.71
26280,296.855,51.71
26640,297.34,52.06
27000,297.18,51.885
27360,297.02,51.625
27720,297.02,52.15
28080,297.665,52.23
28800,297.02,51.97
29160,296.855,52.145
29520,297.02,51.885
29880,297.02,52.235
30240,297.18,52.58
30600,297.015,52.06
30960,297.66,52.32
31320,297.18,53.19
31680,297.5,52.67
32040,297.18,52.495
32400,297.18,52.665
32760,297.18,52.32
33120,297.18,52.32
33480,297.825,52.495
33840,297.34,52.32
34200,297.02,50.67
34560,297.34,52.23
34920,297.34,53.45
35280,297.5,51.45
35640,297.34,51.715
36000,297.34,51.8
36360,297.34,51.885
36720,297.18,51.71
37080,297.82,51.455
37440,297.34,51.455
37800,297.5,51.45
38160,297.34,51.885
38520,297.18,51.885
39600,297.34,51.19
40320,297.34,52.75
40680,297.34,51.455
41040,297.18,51.455
41400,297.34,51.19
41760,297.34,51.97
42120,297.5,53.36
42480,297.34,55.01
43200,297.34,51.19
43560,297.34,53.1
43920,297.34,52.93
44280,297.5,50.93
44640,297.66,52.93
45000,297.34,50.67
45360,297.5,50.585
45720,297.34,50.325
46080,297.34,48.42
46800,297.34,51.71
47160,297.34,51.71
47520,297.18,50.415
47880,297.5,49.975
48240,297.18,49.975
48600,297.34,48.07
48960,297.02,48.42
49320,297.5,49.635
49680,297.34,48.42
50400,297.34,49.895
50760,297.34,49.715
51120,299.435,49.63
51480,297.02,48.59
51840,297.02,48.76
52200,297.18,50.15
52560,297.02,48.76
52920,301.21,48.24
54000,298.305,49.715
54360,297.66,49.89
54720,297.18,49.98
55080,297.015,49.975
55440,297.34,49.805
55800,297.34,49.455
56160,297.02,47.9
56520,297.18,49.37
56880,297.34,51.19
57600,297.34,49.195
57960,297.18,49.37
58320,297.5,48.85
58680,297.5,48.765
59040,297.18,49.11
59400,297.18,49.285
59760,297.34,49.37
60120,297.66,49.37
60480,297.34,49.98
61200,297.34,49.285
61560,297.66,49.28
61920,297.18,49.285
62280,297.18,49.285
62640,297.98,50.15
63000,297.18,49.89
63360,297.34,49.37
63720,297.66,49.285
64080,297.34,47.72
64800,297.985,49.28
65160,297.34,49.63
65520,297.18,49.28
65880,297.18,49.285
66240,297.34,50.32
66600,297.985,48.94
66960,297.34,49.195
67320,297.18,49.63
68400,297.02,50.235
68760,297.825,50.15
69120,297.34,51.19
69480,297.18,50.415
69840,297.18,50.845
70200,297.5,50.93
70560,297.02,50.32
70920,297.02,51.02
72000,297.825,51.885
72360,297.34,52.23
72720,297.18,51.89
73080,297.18,52.32
73440,297.02,52.235
73800,297.18,52.15
74160,297.34,53.27
74520,297.02,52.93
74880,298.31,52.75
75600,297.18,51.715
75960,297.34,51.45
76320,297.34,51.54
76680,297.34,51.625
77040,297.02,52.75
77400,297.18,51.195
77760,297.34,51.365
78120,297.175,51.54
78480,297.02,50.67
79200,299.435,51.625
79560,297.34,51.8
79920,297.02,52.75
80280,297.02,52.41
80640,297.02,52.145
81000,297.18,52.06
81360,296.855,52.235
81720,297.02,52.06
82080,297.02,51.19
82800,297.02,52.145
83160,297.34,52.495
83520,297.02,52.67
83880,297.18,52.67
84240,297.02,52.58
84600,297.02,52.93
84960,297.02,53.27
85320,297.34,53.79
85680,297.34,52.84
86040,297.02,52.32
0,297.02,52.06
360,297.02,52.58
720,297.34,52.405
1080,297.18,52.58
1440,297.02,52.235
1800,297.335,51.97
2160,297.02,51.37
2520,297.66,52.055
2880,297.02,52.58
3240,296.855,52.75
3600,297.02,53.79
3960,297.335,52.405
4320,297.02,52.49
4680,297.02,52.405
5040,296.855,52.49
5400,297.02,51.89
5760,297.02,52.06
6120,297.34,52.755
6480,297.34,53.79
6840,297.02,53.79
7200,297.02,52.58
7560,296.855,52.145
7920,297.02,52.495
8280,297.18,52.32
8640,297.02,53.015
9000,296.855,52.755
9360,296.695,53.015
9720,297.02,53.97
10080,297.66,54.14
10440,296.855,53.1
10800,297.02,54.14
11160,297.02,53.79
11520,297.02,53.79
11880,297.98,53.79
12240,297.02,53.275
12600,296.855,52.665
12960,299.435,53.185
13320,296.855,53.36
13680,296.855,53.19
14040,296.855,53.185
14400,296.855,53.185
14760,296.855,52.925
15120,296.69,52.84
15480,296.855,52.755
15840,296.855,52.84
16200,297.34,53.79
16920,296.69,51.89
17280,297.335,52.93
17640,296.855,52.405
18000,296.855,52.58
18720,296.69,53.45
19080,297.015,52.32
19440,297.34,52.405
19800,296.69,52.58
20160,296.69,52.495
20520,296.855,52.405
20880,297.02,53.45
21240,297.34,53.97
21600,296.69,52.41
21960,296.855,52.32
22320,297.015,52.32
22680,297.02,53.27
23040,297.02,53.27
23400,297.335,52.405
23760,296.69,52.06
24120,297.175,52.41
24480,296.69,52.15
24840,296.69,52.235
25200,296.69,51.02
25560,296.69,51.54
25920,296.855,52.235
26280,296.69,52.23
26640,297.015,52.06
27000,296.855,51.97
27360,296.69,52.32
27720,296.855,51.795
28080,297.98,51.02
28440,297.34,50.84
28800,297.82,52.145
29160,297.02,51.885
29520,296.855,51.885
29880,297.175,51.71
30240,296.69,51.885
30600,296.69,51.885
30960,297.5,51.97
31320,296.69,52.06
31680,297.175,52.06
32040,296.69,52.06
32400,296.69,52.145
32760,296.855,52.32
33120,296.855,52.145
33480,297.015,51.97
33840,296.69,52.32
34200,296.69,51.37
34560,296.69,51.37
34920,296.855,52.58
35280,296.69,52.15
35640,296.69,52.055
36000,296.69,51.795
36360,296.855,51.97
36720,296.69,50.67
37440,296.69,52.75
37800,299.595,52.06
38160,297.175,51.97
38520,296.69,52.06
38880,297.34,53.1
39600,296.855,52.235
39960,296.855,51.885
40320,297.02,53.45
41040,296.69,51.89
41400,296.855,52.58
41760,296.855,52.67
42120,296.69,53.535
42480,296.69,51.89
43200,297.02,54.055
43560,296.855,54.055
43920,297.175,54.05
44280,296.855,54.055
44640,297.18,53.275
45000,296.69,53.97
45360,297.02,53.1
45720,297.02,54.83
46800,298.305,53.1
47160,297.82,53.36
47520,297.5,53.185
47880,297.18,52.84
48240,297.5,53.1
48600,297.02,53.62
48960,296.855,53.45
49320,297.335,53.62
50400,297.015,53.27
50760,296.69,51.54
51120,298.145,53.015
51480,296.855,53.1
51840,296.855,53.015
52200,296.855,52.32
52560,296.855,52.58
52920,296.69,53.36
53280,296.69,54.31
54000,297.02,52.58
54360,297.02,53.79
54720,297.02,54.83
55080,298.79,53.1
55440,296.855,53.275
56160,297.02,52.75
56520,296.53,53.19
56880,296.69,53.1
57600,296.53,53.62
57960,296.855,53.62
58320,296.37,53.1
58680,296.855,53.705
59040,297.015,53.705
59400,296.855,53.705
59760,296.855,53.71
60120,296.855,53.62
60480,297.02,53.1
61200,296.53,53.62
61560,296.53,53.62
61920,297.015,53.965
62280,296.53,53.97
62640,296.69,53.88
63000,297.66,55.01
63360,296.69,54.49
63720,296.855,53.965
64800,296.69,53.62
65160,297.02,52.93
65520,296.37,53.1
65880,298.95,53.705
66240,296.69,53.965
66600,297.34,54.31
66960,296.69,53.1
67320,296.695,53.88
67680,296.69,54.31
68400,296.53,53.445
68760,296.69,54.66
69120,297.02,54.31
69480,296.53,53.79
69840,296.53,53.795
70200,297.015,53.62
70560,296.53,53.705
70920,296.37,53.275
71280,297.34,53.79
72000,297.66,54.14
72360,296.53,53.1
72720,296.69,53.79
73080,296.69,53.97
73440,297.02,54.14
73800,296.53,53.36
74160,296.53,53.275
74520,296.69,54.14
75600,296.53,53.62
75960,296.69,53.535
76320,296.37,52.75
76680,296.695,53.88
77040,296.53,53.705
77400,296.53,53.965
77760,296.69,54.14
78120,296.53,53.88
79200,296.37,54.23
79560,296.37,54.055
79920,296.855,53.88
80280,296.855,54.14
80640,296.53,54.225
81000,296.21,54.14
81360,296.37,53.45
81720,296.37,53.45
82800,297.34,54.23
83160,296.69,52.75
83520,297.175,54.055
83880,296.37,54.23
84240,296.69,53.27
84600,296.69,53.79
84960,296.53,54.225
85320,296.695,53.88
85680,296.69,54.14
86040,296.37,54.31
0,296.05,52.93
360,296.37,53.27
720,296.53,54.14
1080,296.37,53.965
1440,296.05,53.45
1800,296.69,54.66
2160,296.37,55.18
2520,296.695,54.23
2880,296.37,54.055
3240,296.21,54.055
3600,296.37,54.315
3960,296.21,54.14
4320,296.21,54.225
4680,296.05,53.1
5040,296.37,53.27
5400,296.37,55.53
5760,296.37,55.01
6120,296.21,54.49
6480,296.21,54.14
6840,296.53,54.05
7200,296.21,54.23
7560,296.37,54.14
7920,296.37,54.315
8280,296.21,54.4
8640,296.37,54.315
9000,296.21,53.97
9360,296.21,54.055
9720,296.37,55.35
10080,296.21,54.23
10440,296.37,54.23
10800,296.37,53.27
11160,296.21,54.31
11520,296.53,54.14
11880,296.855,54.485
12240,296.21,54.14
12600,296.21,53.97
12960,296.21,54.14
13320,296.05,53.1
13680,296.37,55.35
14040,296.69,55.53
14400,296.21,54.485
14760,296.37,53.97
15120,296.21,54.055
15480,296.21,54.315
15840,296.37,54.315
16200,296.21,54.14
16560,296.37,55.18
16920,296.37,55.7
17280,296.05,54.575
17640,296.21,54.4
18000,296.37,55.35
18360,296.21,54.66
18720,296.21,54.14
19080,296.21,54.315
19440,296.05,54.315
19800,296.21,54.14
20160,296.37,54.14
20520,296.21,54.485
20880,296.05,54.31
21240,296.05,54.4
21600,296.21,54.315
21960,296.855,54.14
22320,296.05,55.53
22680,296.05,55.35
23040,296.21,54.14
23400,296.05,54.055
23760,296.21,53.97
24120,296.21,53.965
24480,296.855,53.965
24840,296.21,54.225
25200,296.05,52.58
25560,296.05,54.14
25920,296.05,53.965
26280,296.05,54.055
26640,296.21,54.315
27000,296.21,54.05
27360,296.05,53.88
27720,296.05,54.14
28080,296.05,54.225
28440,296.695,53.88
28800,296.21,53.965
29160,296.535,53.71
29520,297.34,51.89
29880,296.21,53.36
30240,296.05,52.75
30600,296.21,53.535
30960,296.37,53.27
31320,296.69,53.1
31680,296.69,53.79
32040,296.69,53.97
32400,296.855,52.665
32760,297.175,52.755
33120,296.855,52.925
33480,296.855,52.495
33840,297.175,52.23
34200,297.02,55.18
34560,297.18,53.095
34920,297.34,51.19
35280,297.02,53.445
35640,297.66,53.705
36000,297.18,53.62
36360,297.18,53.015
36720,298.31,54.83
37080,297.02,55.18
37440,297.82,52.315
37800,297.66,49.8
38160,297.66,49.28
38520,297.34,51.625
38880,298.31,49.28
39600,297.18,51.975
39960,297.18,52.06
40320,297.98,53.1
40680,297.34,50.76
41040,297.34,51.97
41400,297.5,51.015
41760,298.145,50.675
42120,297.825,50.5
43200,297.825,50.325
43560,297.5,50.325
43920,300.08,50.5
44280,297.34,48.42
44640,297.98,48.24
45000,297.66,50.415
45360,297.34,50.585
45720,297.66,48.59
46080,297.66,52.93
46800,297.34,52.75
47160,297.825,50.495
47520,297.82,50.755
47880,297.98,50.065
48240,297.82,50.065
48600,297.66,50.67
48960,297.66,52.23
49320,297.66,52.41
49680,297.66,52.06
50400,297.66,51.71
50760,297.985,49.975
51120,297.82,50.15
51480,297.98,47.72
51840,298.31,48.76
52200,297.82,50.675
52560,297.985,49.805
52920,297.98,49.895
53280,298.31,47.03
54000,298.31,47.81
54360,298.63,47.55
54720,298.47,46.855
55080,298.63,46.595
55440,298.47,46.165
55800,298.47,46.16
56160,298.63,45.99
56520,298.63,46.075
57600,298.95,43.91
57960,298.79,46.245
58320,298.47,46.25
58680,298.79,46.335
59040,300.725,45.985
59400,298.63,45.725
59760,298.63,45.99
60120,298.63,46.165
61200,299.27,49.63
61560,298.63,46.855
61920,298.63,43.73
62280,298.79,46.51
62640,298.63,47.115
63000,298.145,47.2
63360,298.47,46.68
63720,298.305,46.77
64080,297.98,48.76
64800,298.145,46.94
65160,298.145,47.29
65520,298.145,47.29
65880,297.66,47.375
66240,297.98,47.375
66600,297.66,49.28
66960,297.66,49.11
67320,297.66,47.375
67680,297.66,46.34
68400,298.305,47.2
68760,298.145,47.2
69120,297.82,47.465
69480,297.98,47.03
69840,297.82,47.03
70200,297.82,47.03
70560,298.465,47.375
70920,297.82,47.29
71280,297.98,44.6
72000,297.66,49.11
72360,298.95,49.46
72720,297.5,47.635
73080,297.66,47.465
73440,297.5,47.2
73800,297.66,45.3
74160,297.34,48.07
74520,297.34,47.985
75600,297.34,47.895
75960,297.34,46.34
76320,297.34,46.68
76680,297.18,48.76
77040,297.18,49.025
77400,297.02,50.67
77760,297.34,46.86
78120,297.34,47.38
79200,297.34,48.24
79560,296.37,48.59
79920,296.855,50.5
80280,296.855,50.845
80640,297.015,51.015
81000,296.69,51.19
81360,296.69,51.02
81720,296.855,51.28
82080,296.69,52.75
82800,296.69,52.93
83160,297.18,51.365
83520,296.69,51.71
83880,296.69,52.06
84240,297.015,52.235
84600,296.69,52.145
84960,297.175,52.315
85320,296.69,52.145
85680,297.015,51.8
86040,296.69,51.71
0,297.015,51.45
360,296.855,51.45
720,296.855,51.105
1080,296.855,51.365
1440,297.015,51.105
1800,297.98,49.46
2160,297.02,49.28
2520,296.855,50.93
2880,297.175,50.845
3240,296.69,51.015
3600,296.69,51.015
3960,297.18,51.02
4320,296.69,50.845
4680,296.855,50.935
5040,296.69,50.675
5400,296.855,50.67
5760,297.015,50.845
6120,296.69,51.105
6480,296.69,51.02
6840,297.015,50.845
7200,297.34,49.46
7560,296.855,50.845
7920,296.69,49.11
8280,296.69,52.58
8640,296.69,52.23
9000,296.69,50.67
9360,296.69,50.585
9720,296.69,50.67
10080,296.69,50.845
10440,296.855,50.76
10800,296.69,50.76
11160,297.175,51.02
11520,296.53,50.76
11880,296.53,50.845
12240,296.69,48.94
12600,296.69,52.41
12960,296.37,50.845
13320,297.175,50.845
13680,296.37,50.76
14040,296.855,50.755
14400,297.02,52.23
14760,296.37,52.58
15120,296.53,50.585
15480,296.69,50.93
15840,296.53,50.5
16200,297.02,49.28
16560,296.37,49.28
16920,296.37,49.8
17280,296.855,51.02
17640,297.02,52.58
18000,296.695,51.02
18360,297.175,51.365
18720,296.53,51.02
19080,296.53,51.455
19440,296.53,50.93
19800,296.37,51.365
20160,296.37,51.455
20520,296.37,51.365
20880,296.37,51.715
21240,296.37,50.93
21600,296.69,52.23
21960,296.69,52.75
22320,296.53,51.02
22680,296.37,50.935
23040,296.53,51.275
23400,296.37,52.75
23760,296.37,51.015
24120,296.05,49.46
24480,297.02,50.67
24840,296.37,49.28
25200,296.37,51.19
25560,296.37,51.28
25920,296.37,50.93
26280,296.53,51.455
26640,296.37,50.495
27000,297.34,50.325
27360,296.855,50.845
27720,296.37,49.63
28080,296.37,49.63
28440,296.53,50.67
28800,296.37,52.58
29160,297.015,52.23
29520,296.69,49.8
29880,296.53,51.8
30240,296.37,55.01
30600,296.37,52.84
30960,296.69,52.145
31320,296.69,51.625
31680,297.02,48.94
32040,297.02,48.42
32400,297.02,52.41
32760,296.37,54.66
33120,296.855,51.19
33480,297.34,52.145
33840,296.855,51.195
34200,296.855,51.54
34560,297.175,51.885
34920,297.015,51.795
35280,297.015,52.06
35640,297.34,51.54
36000,297.34,51.885
36360,298.305,51.795
36720,297.34,50.935
37080,297.5,50.845
37440,297.66,50.41
37800,297.34,52.93
39600,298.145,49.115
40680,297.98,47.2
41040,297.5,50.24
41400,297.66,48.94
41760,297.66,49.8
42120,297.34,52.925
42480,297.34,55.53
43200,297.34,54.14
43560,297.34,54.31
43920,297.34,51.02
44280,298.31,49.98
44640,297.82,51.45
45000,297.34,53.45
45360,297.5,51.19
45720,297.66,51.365
46080,297.98,49.98
46800,297.66,52.235
47160,297.5,52.23
47520,297.5,51.795
47880,297.82,52.06
48240,297.82,51.885
48600,298.145,52.235
48960,297.66,52.835
49320,297.66,52.925
49680,297.66,50.84
50400,298.145,53.095
50760,297.5,53.705
51120,297.5,53.36
51480,297.5,54.4
51840,297.5,54.4
52200,297.66,54.4
52560,297.5,55.355
52920,297.66,55.875
54000,297.66,54.745
54360,297.66,54.925
54720,297.5,55.615
55080,297.66,56.135
55440,297.5,55.44
55800,297.66,55.27
56160,297.66,55.7
56520,297.98,53.1
56880,297.34,57.96
57600,297.665,55.875
57960,298.145,56.135
58320,297.5,56.74
58680,297.66,57.265
59040,297.66,57.09
59400,297.66,56.395
59760,297.82,55.355
60120,297.82,54.835
60480,300.24,56.91
61200,297.66,56.57
61560,298.145,54.575
61920,298.305,54.315
62280,297.985,52.23
62640,297.66,53.79
63000,297.82,50.325
63360,297.82,50.93
63720,297.66,51.97
64080,297.98,50.15
64800,297.82,51.885
65160,297.825,52.145
65520,297.82,52.145
65880,297.66,49.8
66240,298.63,50.15
66600,297.5,52.315
66960,297.82,52.145
67320,298.31,50.15
68400,297.66,53.97
68760,297.34,54.49
69120,297.985,52.145
69480,297.34,52.23
69840,297.18,52.145
70200,297.66,50.15
70560,297.66,51.19
70920,297.985,51.535
72000,297.66,51.45
72360,297.825,51.015
72720,297.66,48.94
73080,297.5,51.28
73440,297.34,51.365
73800,297.02,53.27
74160,297.5,51.455
74520,296.855,51.45
74880,297.02,53.27
75600,297.66,49.63
75960,297.02,49.28
76320,297.02,51.45
76680,296.69,51.795
77040,297.015,51.625
77760,296.69,49.98
78120,297.175,51.625
78480,296.69,50.15
79200,296.69,51.885
79560,296.69,51.795
79920,296.69,53.97
80280,296.69,53.79
80640,296.37,54.14
81000,297.335,51.97
81360,296.69,51.885
81720,296.695,51.795
82080,296.37,50.67
82800,296.53,51.71
83160,296.37,51.885
83880,296.37,53.97
84240,296.69,54.14
84600,296.695,51.975
84960,296.37,52.315
85320,296.53,52.145
85680,296.37,49.63
86040,297.02,49.98
0,296.37,51.625
360,296.855,51.715
720,296.37,51.885
1080,296.53,51.795
1440,296.37,51.71
1800,297.02,51.715
2880,296.37,49.28
3240,296.69,51.885
3600,296.37,51.885
3960,296.53,51.625
4320,296.37,51.97
4680,296.37,51.625
5040,296.37,51.8
5400,296.37,49.46
5760,297.02,49.46
6120,296.855,51.8
6480,296.69,51.71
6840,296.695,51.54
7200,296.37,53.45
7560,296.37,51.54
7920,296.37,51.455
8280,296.69,49.28
8640,296.69,49.28
9000,296.37,53.1
9360,296.05,53.45
9720,296.37,51.625
10080,296.53,51.275
10440,296.37,53.45
10800,296.37,49.28
11160,296.37,49.46
11520,296.37,51.19
11880,296.69,51.455
12240,296.37,51.71
12600,296.05,51.54
12960,296.21,51.54
13320,296.21,51.625
13680,298.63,49.28
14040,296.37,49.28
14400,296.21,51.28
14760,296.21,51.54
15120,296.37,50.845
15480,296.21,50.935
15840,296.21,51.02
16200,296.05,51.19
16560,296.37,49.11
16920,296.37,49.46
17280,296.695,51.45
17640,296.37,51.365
18000,296.05,53.1
18360,296.05,53.1
19080,296.69,53.45
19440,296.05,53.62
19800,296.05,53.1
20160,296.21,51.8
20520,297.18,51.45
20880,296.05,53.45
21240,296.05,53.1
21600,296.21,51.71
21960,296.05,53.1
22320,296.05,53.62
22680,296.05,51.71
23040,296.05,51.97
23400,295.73,50.15
24120,296.37,51.975
24480,296.05,51.795
24840,296.05,51.975
25200,296.535,51.885
25560,295.89,51.795
25920,296.21,52.06
26280,296.05,50.32
26640,296.37,49.8
27000,296.21,51.54
27360,296.695,51.795
27720,296.21,51.8
28080,296.21,51.885
28440,296.37,51.885
28800,296.37,51.535
29160,296.21,51.97
29520,296.05,51.45
29880,296.37,50.15
30240,296.69,48.94
30600,296.695,50.935
30960,296.695,51.365
31320,296.37,52.93
31680,296.53,51.02
32040,296.69,51.105
32400,296.855,50.93
32760,297.015,50.76
33120,296.855,50.845
33480,296.855,50.67
33840,296.855,50.495
34200,297.02,51.015
34560,296.855,51.015
34920,296.69,47.9
35280,296.05,53.27
35640,296.37,52.41
36000,297.02,49.72
36360,297.015,49.46
36720,296.855,48.68
37080,297.18,48.505
37440,297.18,48.59
37800,296.855,48.765
38160,296.855,49.2
38520,296.695,49.455
38880,296.69,51.89
39600,296.69,49.98
39960,296.69,52.58
40320,296.855,49.805
40680,296.855,50.415
41040,297.98,52.41
41400,297.015,50.065
41760,297.66,50.065
42120,297.015,50.935
42480,296.69,48.42
43200,296.69,50.935
43560,297.18,49.455
43920,297.5,49.2
44280,297.02,49.025
44640,297.665,48.765
45000,297.02,47.38
45360,297.02,47.03
45720,297.18,48.94
46800,297.5,47.725
47160,297.5,47.72
47520,297.5,47.9
47880,297.5,47.98
48240,297.34,47.81
48600,297.5,47.29
48960,297.66,46.765
49320,297.66,46.425
50400,297.825,45.645
50760,297.66,45.99
51120,297.66,45.99
51480,297.98,43.21
51840,297.825,46.16
52200,297.985,45.725
52560,297.82,45.555
52920,297.66,45.12
53280,297.98,47.55
54000,297.82,45.035
54360,297.82,44.86
54720,297.82,44.69
55080,297.82,44.95
55440,297.98,44.775
55800,298.145,44.515
56160,297.98,47.9
56520,299.435,43.995
56880,298.95,41.48
57600,297.34,43.905
57960,297.825,44.085
58320,298.305,44.255
58680,297.82,43.735
59040,297.82,43.385
59400,297.82,43.905
59760,297.82,44.165
60120,297.98,44.085
60480,297.98,41.48
61200,297.82,43.56
61560,297.985,43.3
61920,297.985,43.645
62280,298.31,43.645
62640,297.5,42.955
63000,297.66,43.39
63360,298.145,43.215
63720,297.985,43.385
64800,298.145,43.905
65160,297.82,43.56
65520,297.985,43.305
65880,298.145,43.385
66240,298.305,43.65
66600,297.82,43.735
66960,298.31,41.13
67320,298.63,41.65
68400,298.145,42.87
68760,298.145,42.52
69120,298.145,42.695
69480,297.985,42.605
69840,298.47,42.865
70200,298.145,42.695
70560,297.985,43.13
70920,297.66,43.82
71280,297.66,45.47
72000,297.5,44.165
72360,297.66,45.82
72720,297.34,42
73080,297.18,44.43
73440,297.34,46.16
73800,297.5,43.905
74160,297.34,43.995
74520,297.5,43.995
74880,297.34,41.83
75600,297.34,44.255
75960,297.18,43.995
76320,297.015,43.905
76680,297.18,44.17
77040,297.18,44.255
77400,297.18,44.17
77760,297.18,44.69
78120,297.02,44.685
79200,297.335,45.12
79560,297.02,45.21
79920,296.855,44.945
80280,296.69,43.04
80640,296.69,43.39
81000,296.53,45.47
81360,296.855,45.815
81720,296.69,47.55
82800,296.69,47.38
83160,297.02,45.47
83520,296.69,45.3
83880,296.37,45.99
84240,296.53,46.425
84600,296.37,46.77
84960,296.53,46.86
85320,296.855,47.12
85680,296.695,46.945
86040,297.015,46.94
0,298.79,47.29
360,296.855,47.2
720,297.5,47.205
1080,296.53,47.635
1440,296.37,47.46
1800,296.69,48.24
2160,296.37,48.76
2520,296.695,47.64
2880,299.11,47.465
3240,296.37,48.76
3600,296.37,49.11
3960,297.34,48.59
4320,296.69,48.94
4680,296.37,48.76
5040,297.015,47.55
5400,296.37,47.81
5760,296.53,47.81
6120,297.34,47.9
6480,296.21,47.9
6840,296.37,47.895
7200,296.53,48.155
7560,296.37,47.81
7920,296.21,48.155
8280,296.53,47.64
8640,296.37,47.985
9000,296.37,47.81
9360,296.37,47.895
9720,296.37,47.725
10080,297.015,47.81
10440,296.37,48.07
10800,296.21,48.155
11160,296.37,47.98
11520,296.37,47.72
11880,296.37,47.895
12240,296.53,48.16
12600,296.535,48.245
12960,296.37,48.42
13320,296.21,48.16
13680,296.37,46.86
14040,296.21,48.07
14400,296.21,48.415
14760,296.855,48.42
15120,296.05,48.675
15480,296.37,49.63
15840,296.37,50.32
16200,296.21,48.675
16560,296.53,48.59
16920,296.05,48.59
17280,296.21,48.85
17640,296.21,48.59
18000,296.69,48.59
18360,296.37,50.5
18720,296.05,48.85
19080,296.21,48.935
19440,296.21,48.68
19800,296.05,48.675
20160,296.05,49.285
20520,296.05,48.765
20880,296.37,48.85
21240,296.21,49.285
21600,296.53,48.935
21960,296.05,49.11
22320,296.21,49.37
22680,296.05,49.37
23040,298.63,49.455
23400,295.73,48.24
23760,297.34,48.24
24120,296.05,49.37
24480,296.05,49.72
24840,296.37,49.72
25200,295.89,49.72
25560,296.05,48.59
25920,296.05,48.24
26280,296.05,49.63
26640,296.21,49.72
27000,296.21,49.89
27360,296.05,49.8
27720,296.05,49.715
28080,296.05,49.455
28440,296.53,49.63
28800,296.37,49.37
29160,296.53,49.37
29520,296.53,48.85
30240,296.37,50.32
30600,296.37,49.025
30960,296.69,48.59
31320,296.53,48.155
31680,296.69,48.415
32040,296.69,46.16
32400,297.02,47.635
32760,296.855,47.465
33120,296.855,46.855
33480,296.53,46.68
33840,296.695,46.595
34200,297.02,46.595
34560,297.02,48.42
34920,297.175,45.9
35280,297.18,45.9
35640,297.34,48.42
36000,297.98,43.73
36360,296.69,44.6
36720,296.69,46.855
37080,296.855,46.94
37440,297.66,46.51
37800,296.855,46.595
38160,297.175,46.68
38520,296.69,49.8
39600,296.855,46.075
39960,296.855,46.51
40320,297.02,44.08
40680,297.02,48.24
41040,297.02,48.76
41400,297.02,44.08
41760,296.695,46.335
42120,296.855,46.51
43200,297.18,46.25
43560,297.02,45.99
43920,297.34,46.595
44280,297.18,46.425
44640,297.5,46.595
45000,297.985,46.16
45360,297.34,44.25
45720,297.02,44.6
46800,297.66,45.38
47160,297.34,45.21
47520,297.34,44.95
47880,297.985,44.6
48240,298.63,42.69
48600,297.66,43.905
48960,297.34,45.99
50400,297.34,42.17
51120,297.825,44.95
51480,297.66,45.035
51840,297.5,44.86
52200,297.66,44.69
52560,298.145,43.475
52920,298.31,41.31
53280,297.98,41.48
54000,297.98,45.64
54360,297.66,46.51
54720,298.31,46.34
55080,298.31,45.82
55440,298.47,43.39
55800,298.79,42.695
56160,298.95,42.52
56520,299.275,42.52
57600,298.63,45.47
57960,299.27,47.03
58320,299.275,43.65
58680,298.95,43.125
59040,298.79,42.78
59400,298.63,43.3
59760,298.79,43.565
60120,298.63,43.645
61200,298.79,42.605
61560,298.95,42.695
61920,299.11,42.87
62280,298.95,40.27
62640,298.63,43.56
63000,298.79,43.475
63360,298.95,43.39
63720,298.95,43.56
64080,298.63,46.51
64800,298.79,43.645
65160,298.305,43.645
65520,298.31,43.735
65880,298.145,44.085
66240,298.47,44.255
66600,298.31,44.43
66960,298.31,46.68
67320,297.98,46.34
67680,298.31,46.86
68400,298.63,43.995
68760,298.305,43.82
69120,297.66,44.515
69480,297.82,44.34
69840,298.305,44.43
70200,297.98,44.69
70560,297.66,44.775
70920,297.66,44.515
71280,297.66,43.21
72000,297.98,44.255
72360,297.82,44.17
72720,297.98,42
73080,297.82,44.515
73440,297.82,44.515
73800,297.82,44.255
74160,297.66,44.345
74520,297.82,44.255
75600,298.145,44.69
75960,297.66,44.685
76320,297.82,44.515
76680,298.305,44.17
77040,297.82,44.515
77400,297.66,44.17
77760,297.66,44.08
78120,297.5,44.425
79200,297.66,44.6
79560,297.34,44.86
79920,297.66,44.345
80280,297.5,44.775
80640,297.825,44.69
81000,300.245,45.555
81360,297.18,45.555
81720,296.855,45.815
82080,297.02,47.2
82800,299.275,45.645
83160,297.02,47.55
83520,296.855,46.075
83880,297.34,45.815
84240,297.02,47.72
84600,297.18,46.075
84960,297.015,46.165
85320,297.02,47.55
85680,297.02,47.55
86040,297.18,46.25
0,296.855,46.335
360,296.695,46.51
720,296.69,46.685
1080,297.34,46.595
1440,297.18,46.595
1800,297.175,46.855
2160,297.34,46.51
2520,296.69,45.12
2880,297.34,46.595
3240,296.69,46.77
3600,296.69,46.94
3960,297.335,46.77
4320,296.53,47.205
4680,297.5,47.12
5040,296.69,46.77
5400,296.69,46.945
5760,296.53,47.29
6120,296.53,47.29
6480,296.695,47.64
6840,296.69,47.12
7200,296.53,47.38
7560,296.855,47.635
7920,297.34,47.465
8280,296.37,46.34
8640,296.855,47.635
9000,296.69,47.64
9360,297.98,47.635
9720,296.53,47.64
10080,297.02,47.9
10440,296.53,47.81
10800,296.69,48.94
11160,296.69,49.11
11520,296.69,48.59
11880,296.53,48.07
12240,296.69,47.03
12600,297.5,47.55
12960,296.69,49.11
13320,297.015,47.895
13680,296.855,48.07
14040,296.53,48.07
14400,297.34,48.155
14760,296.53,47.895
15120,296.37,48.07
15480,297.015,48.33
15840,296.69,48.33
16200,296.69,48.33
16560,296.53,48.155
16920,296.855,48.155
17280,296.37,47.03
17640,296.69,46.86
18000,296.37,48.675
18360,296.695,48.33
18720,296.855,48.675
19080,296.37,48.07
19440,296.37,48.59
19800,296.37,48.42
20160,296.53,49.02
20520,296.695,48.59
20880,296.855,48.675
21240,296.53,48.59
21600,296.37,48.59
21960,297.015,48.76
22320,296.69,49.98
22680,296.21,49.11
23040,296.37,49.11
23400,296.53,49.11
23760,296.695,49.195
24120,296.37,49.02
24480,296.05,48.42
24840,296.37,48.24
25200,296.53,49.285
25560,296.69,49.025
25920,296.53,48.765
26280,296.37,49.11
26640,296.37,49.195
27000,296.37,48.24
27720,296.37,49.8
28080,296.21,48.68
28440,296.69,48.07
28800,296.37,49.025
29160,296.69,49.63
29520,296.37,48.85
29880,296.37,48.935
30240,296.53,48.76
30600,296.53,48.415
30960,297.015,48.505
31320,297.98,46.86
31680,296.855,47.55
32040,297.66,49.11
32400,297.02,47.205
32760,297.34,46.595
33120,297.34,45.73
33480,297.34,45.38
33840,297.34,48.42
34200,297.34,45.905
34560,297.34,46.595
34920,297.5,46.42
35280,297.66,46.42
35640,297.34,46.425
36000,297.18,46.68
36360,297.5,46.595
36720,297.18,46.595
37080,297.18,46.77
37440,297.34,46.855
37800,297.66,46.68
38160,297.18,47.285
38520,297.985,46.855
39600,297.18,47.025
39960,297.02,47.025
40320,297.02,47.2
40680,297.34,44.95
41040,297.34,47.115
41400,297.34,49.46
41760,297.5,47.29
42120,297.34,47.375
42480,297.34,49.46
43200,297.66,47.465
43560,297.66,47.465
43920,297.34,47.64
44280,297.34,46.765
44640,297.66,47.29
45000,297.5,47.46
45360,297.5,47.38
45720,297.66,48.59
46080,297.82,46.77
46800,297.985,47.025
47160,297.82,47.025
47520,297.985,46.25
47880,297.985,46.425
48240,297.985,46.595
48600,298.31,49.63
48960,298.95,48.94
49320,297.34,49.28
50400,297.985,47.465
50760,298.145,47.2
51120,297.66,50.15
51480,298.31,47.46
51840,298.63,47.2
52200,299.275,47.025
52560,298.31,46.855
52920,298.465,46.77
54000,297.98,49.63
54360,297.98,49.98
54720,298.145,47.375
55080,298.31,47.115
55440,298.305,46.855
55800,298.31,46.68
56160,298.145,47.03
56520,298.79,46.595
57600,297.98,44.77
57960,297.98,45.12
58320,298.63,46.42
58680,298.63,46.595
59040,298.145,46.16
59400,298.145,46.335
59760,298.305,46.16
60120,298.305,46.075
60480,298.31,48.42
61200,298.31,45.985
61560,298.31,45.815
61920,298.31,48.07
62280,297.98,46.335
62640,297.98,46.16
63000,297.98,44.25
63360,298.63,43.39
63720,298.47,46.25
64080,298.31,43.91
64800,297.98,48.24
65160,297.98,48.42
65520,297.66,46.77
65880,297.82,46.42
66240,297.98,46.86
66600,297.82,46.6
66960,298.145,46.25
67320,298.79,46.075
68400,298.145,46.245
68760,298.305,46.075
69120,298.145,46.16
69480,297.98,46.335
69840,297.98,46.42
70200,298.47,45.9
70560,298.31,46.075
70920,297.98,48.42
72000,297.98,44.6
72360,298.465,46.765
72720,297.98,49.46
73080,298.305,46.595
73440,298.95,43.91
73800,298.465,46.595
74160,298.465,46.335
74520,297.98,45.99
74880,297.66,48.42
75600,297.66,45.205
75960,298.63,44.775
76320,298.31,42.87
76680,297.98,42.69
77040,297.5,44.86
78120,297.34,47.03
78480,297.66,46.86
79200,299.115,45.035
79560,297.34,44.95
79920,297.34,44.6
80280,302.18,42
80640,297.66,42.87
81000,297.34,44.86
81360,297.34,44.95
81720,297.34,44.775
82080,297.02,43.39
82800,297.825,45.465
83160,297.02,45.555
83520,297.18,45.38
83880,297.34,45.73
84240,297.18,45.47
84600,297.02,44.25
84960,297.34,46.245
85320,297.18,46.51
85680,297.18,46.245
86040,297.34,46.595
0,297.18,46.6
360,297.665,46.595
720,297.18,46.425
1080,297.02,45.12
1440,297.02,45.47
1800,297.5,47.29
2160,297.02,47.29
2520,297.18,47.375
2880,297.02,47.55
3240,297.02,46.51
3600,302.5,48.59
3960,297.02,48.76
5040,297.02,49.28
5400,297.34,49.8
5760,297.34,48.33
6120,297.02,47.985
6480,297.02,48.42
6840,297.18,48.59
7200,296.69,46.86
7560,296.69,47.03
7920,297.02,49.63
8280,296.855,48.33
8640,297.18,47.98
9000,296.855,48.42
9360,296.69,48.07
9720,297.02,48.24
10080,297.18,48.155
10440,296.69,47.985
10800,296.69,48.155
11160,297.02,48.155
11520,296.69,47.895
11880,297.66,46.86
12240,296.69,47.03
12600,296.69,48.16
12960,297.02,48.07
13320,296.855,47.895
13680,297.34,48.16
14040,297.175,48.07
14400,296.69,48.24
14760,297.66,46.68
15120,296.69,46.51
15480,296.53,48.155
15840,296.69,48.245
16200,297.175,47.81
16560,297.175,47.72
16920,296.53,47.9
17280,296.69,48.07
17640,296.855,47.985
18000,296.69,47.81
18360,296.53,48.07
18720,296.69,47.985
19080,296.69,46.51
19440,296.69,46.51
19800,296.53,48.07
20160,296.53,48.07
20520,296.53,47.9
20880,296.69,47.635
21240,296.69,47.72
21600,296.69,49.28
21960,296.69,49.11
22680,296.37,45.99
23040,296.53,47.635
23400,296.69,47.115
23760,296.69,47.375
24120,296.69,49.11
24480,296.53,47.205
24840,297.02,45.64
25200,296.53,47.2
25560,296.53,46.68
25920,296.69,47.03
26280,297.015,46.945
26640,296.695,46.945
27000,296.53,46.77
27360,296.695,46.595
27720,296.53,46.51
28080,296.53,46.765
28440,296.37,46.86
28800,296.69,46.77
29160,299.11,46.855
29520,297.015,46.685
29880,296.37,44.77
30240,296.37,44.6
30600,296.53,46.77
30960,297.335,46.685
31320,296.53,46.42
31680,296.69,46.505
32040,299.595,46.335
32400,296.69,48.24
32760,296.69,48.42
33120,296.69,46.51
33480,296.855,45.9
33840,296.69,45.985
34200,296.69,44.25
34560,297.175,46.25
34920,296.69,45.9
35280,296.855,45.99
35640,296.69,43.91
36000,296.69,45.815
36360,296.69,47.55
36720,297.02,47.55
37080,297.34,45.555
37440,297.02,45.64
37800,296.53,45.73
38160,296.69,45.47
38520,296.69,45.295
38880,297.02,46.86
39600,296.69,45.555
39960,297.015,45.555
40320,296.69,47.2
40680,296.53,45.555
41040,296.69,47.38
41400,296.69,45.47
41760,296.53,45.295
42120,296.69,47.03
43200,297.175,44.945
43560,298.79,44.865
43920,296.53,44.345
44280,296.69,44.085
44640,296.855,44.085
45000,296.69,41.83
45360,297.02,41.65
45720,297.175,44.08
46800,296.69,43.995
47160,296.69,41.48
47520,296.69,41.83
47880,297.18,43.735
48240,297.5,43.735
48600,297.02,45.82
48960,297.02,45.64
49320,297.66,43.56
50760,296.69,45.82
51120,296.69,45.82
51480,296.855,43.39
51840,296.69,41.83
52200,297.18,43.565
52560,296.855,43.735
52920,297.34,43.305
53280,297.02,45.47
54000,296.855,43.3
54360,297.18,42.865
54720,296.855,43.215
55080,296.855,43.125
55440,296.855,43.39
55800,296.69,43.39
56160,296.69,45.47
56520,296.69,45.64
56880,296.69,45.12
57600,296.855,43.3
57960,296.855,43.045
58320,297.02,42.865
58680,297.02,42.955
59040,297.02,42.865
59400,297.02,42.695
59760,297.34,42.69
60120,297.5,42.435
60480,296.69,40.44
61200,297.02,42.78
61560,297.665,42.605
61920,297.98,40.27
62280,297.02,44.08
62640,297.34,44.6
63000,297.5,42.085
63360,298.47,42.345
63720,297.02,44.77
64800,297.18,42
65160,297.66,41.83
65520,297.18,41.825
65880,297.34,41.915
66240,297.18,42
66600,297.18,42.085
66960,297.18,41.825
67320,297.02,42.26
68400,297.5,42.085
68760,297.18,41.825
69120,297.18,42.17
69480,297.02,41.91
69840,297.18,41.825
70200,300.89,38.36
70560,297.02,39.05
70920,297.02,41.735
71280,297.34,44.25
72000,297.175,40.785
72360,296.855,40.265
72720,297.02,42.17
73080,296.69,39.575
73440,297.02,35.76
73800,296.69,39.135
74160,297.34,39.745
74520,301.53,37.49
74880,297.02,37.84
75600,296.69,43.04
75960,297.34,42.69
76320,296.855,41.13
76680,296.855,41.48
77040,296.69,41.57
77400,297.335,42
77760,297.18,42.26
78120,296.69,42.435
79200,297.34,42.61
79560,296.855,42.61
79920,296.69,42.955
80280,296.69,43.3
80640,296.69,42.865
81000,296.855,43.3
81360,296.69,43.04
81720,296.69,43.125
82800,296.69,43.735
83160,297.5,43.825
83520,296.855,43.91
83880,296.69,43.82
84240,296.69,42.69
84600,296.53,43.825
84960,297.335,43.995
85320,296.69,43.905
85680,296.69,44.34
86040,296.855,44.08
0,296.69,44.515
360,296.69,44.685
720,296.69,44.17
1080,296.69,44.34
1440,296.69,44.425
1800,297.66,44.345
2160,296.855,44.775
2520,301.85,46.16
2880,297.015,44.775
3240,296.53,44.865
3600,296.69,44.6
3960,297.18,45.035
4320,298.79,44.945
4680,297.02,43.73
5040,297.02,43.21
5400,296.53,44.95
5760,298.79,44.86
6120,296.37,43.39
6480,296.695,45.205
6840,296.855,44.945
7200,297.175,45.385
7560,299.435,45.12
7920,298.95,45.21
8280,296.855,45.12
8640,296.53,44.95
9000,296.53,45.12
9360,296.695,45.21
9720,296.855,45.035
10080,296.53,45.295
10440,296.53,45.12
10800,296.53,45.385
11160,296.69,43.91
11520,296.37,43.91
11880,296.53,45.47
12240,296.53,45.21
12600,296.53,45.38
12960,296.53,45.12
13320,296.37,45.64
13680,296.69,47.03
14400,296.69,45.465
14760,296.37,46.86
15480,296.69,43.56
15840,296.855,45.295
16200,296.37,45.38
16560,296.53,45.555
16920,296.37,45.555
17280,296.53,45.205
17640,296.37,45.21
18000,296.37,45.64
18360,296.37,45.295
18720,296.69,46.68
19080,296.855,45.295
19440,296.21,45.295
19800,296.53,44.95
20160,296.53,45.205
20520,296.05,43.56
20880,296.855,45.205
21240,296.53,45.125
21600,296.53,44.865
21960,296.37,45.035
22320,296.695,44.95
22680,296.695,44.95
23040,296.37,45.12
23400,296.37,44.95
23760,296.37,45.125
24120,296.695,44.95
24480,296.37,46.86
24840,296.05,46.68
25200,296.855,44.69
25560,296.37,44.95
25920,296.37,44.775
26280,296.37,44.945
26640,296.53,45.125
27000,296.53,44.945
27360,296.69,43.39
27720,297.02,43.04
28080,296.855,45.295
28440,296.53,44.86
28800,297.175,45.295
29160,296.37,45.035
29520,296.53,45.295
29880,296.37,45.205
30240,297.34,43.21
30600,296.53,44.865
30960,296.37,44.86
31320,296.53,44.69
31680,296.37,44.865
32040,296.37,44.95
32400,296.37,45.035
32760,296.53,45.035
33120,296.53,45.295
33480,296.69,46.86
33840,296.69,46.86
34200,296.37,42.87
34560,296.69,43.21
34920,296.69,46.16
35280,296.53,45.12
35640,296.53,44.775
36000,296.53,45.035
36360,296.69,44.775
36720,296.37,42.87
37080,296.37,42.87
37440,296.37,42.69
37800,296.37,42.52
38160,297.02,42.52
38520,297.015,44.255
38880,296.37,42.52
39600,297.015,44.255
39960,296.53,44.255
40320,296.69,43.91
40680,296.855,43.91
41040,296.53,43.91
41400,296.69,45.64
41760,297.02,45.64
42120,296.69,43.995
43200,297.5,43.82
43560,296.855,43.735
43920,296.69,43.82
44280,296.69,41.65
44640,296.69,41.83
45000,296.69,45.47
45720,296.69,41.83
46800,297.015,43.39
47160,296.855,43.475
47520,296.69,43.65
47880,296.69,43.475
48240,296.69,43.39
48600,296.69,43.04
48960,297.175,42.955
49320,296.855,43.04
49680,297.02,45.3
50400,296.53,43.215
50760,297.5,42.955
51120,297.02,44.77
51480,296.69,43.215
51840,296.855,42.95
52200,296.69,43.305
52560,296.69,43.04
52920,296.855,43.215
53280,297.02,41.13
54000,296.69,42.87
54360,296.855,42.955
54720,296.53,42.955
55080,296.69,42.95
55440,296.53,42.865
55800,296.69,42.605
56160,296.855,42.78
56520,296.855,42.605
57600,296.855,42.78
57960,296.855,42.69
58320,297.985,42.26
58680,297.34,42.695
59040,299.435,42.26
59400,297.02,42.43
59760,296.69,42.435
60120,296.855,42.175
61200,296.855,41.74
61560,297.02,41.83
61920,296.69,41.91
62280,297.02,41.825
62640,297.02,39.05
63000,297.02,39.22
63360,296.69,39.05
63720,297.18,41.565
64080,297.98,43.73
64800,296.855,41.74
65160,297.02,43.73
65520,297.02,43.21
65880,296.855,41.22
66240,296.855,41.13
66600,297.5,41.22
66960,297.02,41.045
67320,297.175,40.96
67680,297.98,43.04
68400,297.82,40.96
68760,296.855,41.13
69120,297.015,41.39
69480,297.5,41.13
69840,296.855,41.13
70200,296.69,41.305
70560,296.855,41.045
70920,297.335,41.13
71280,296.69,39.4
72000,297.82,41.305
72360,297.5,40.955
72720,297.02,41.305
73080,296.69,39.57
73440,296.69,39.57
73800,297.18,41.305
74160,296.855,41.915
74520,297.175,41.655
75600,296.855,42
75960,296.855,42.175
76320,296.69,42.085
76680,297.015,42.175
77040,296.69,42.435
77400,296.69,42.52
77760,296.69,42.26
78120,298.79,42.35
79200,296.53,42.52
79560,297.02,44.77
79920,296.69,44.43
80280,296.69,42.52
80640,296.69,42.52
81000,296.69,42.695
81360,296.53,42.78
81720,296.695,42.695
82080,296.69,44.95
82800,297.02,44.77
83160,296.53,43.125
83520,296.53,43.215
83880,296.69,44.77
84240,296.37,41.48
84600,297.02,45.64
84960,296.37,44.95
85680,296.69,44.95
86040,298.625,43.3
0,298.95,43.65
360,296.53,43.3
720,296.69,43.56
1080,296.37,43.735
1440,296.69,45.3
1800,296.69,43.91
2160,296.37,43.82
2520,296.855,43.905
2880,296.69,43.82
3240,296.69,43.735
3600,296.53,43.82
3960,296.37,41.83
4320,296.69,41.83
4680,296.53,43.735
5040,296.855,43.905
5400,296.53,43.91
5760,296.69,43.65
6120,297.5,43.82
6480,296.69,43.735
6840,296.53,44.17
7200,296.53,43.905
7560,296.69,43.82
7920,297.015,43.995
8280,297.015,44.08
8640,296.53,43.82
9000,297.34,42.35
9360,296.53,44.165
9720,296.69,44.255
10080,296.695,44.34
10440,297.34,43.995
10800,296.53,44.165
11160,296.53,44.255
11520,296.855,44.17
11880,296.53,44.08
12240,296.37,44.08
12600,297.82,44.17
12960,296.37,43.91
13320,296.53,43.565
13680,296.69,45.82
14040,296.37,45.64
14400,296.37,43.735
14760,297.015,43.645
15120,296.69,45.64
15480,296.37,45.12
15840,296.69,45.47
16200,296.37,43.565
16560,296.37,43.13
16920,296.37,43.215
17280,299.92,41.31
17640,296.37,41.48
18000,296.53,43.215
18360,296.37,43.125
18720,296.37,43.3
19080,296.37,43.215
19440,296.37,42.78
19800,296.37,43.13
20160,297.02,43.125
20520,296.37,44.43
20880,297.175,43.215
21240,296.53,43.13
21600,296.37,42.78
21960,296.37,42.95
22320,296.37,42.69
22680,296.695,43.04
23040,296.21,42.61
23400,296.37,42.69
23760,296.37,42.78
24120,296.37,44.43
24480,296.53,42.52
24840,296.695,42.605
25560,297.02,42.78
25920,296.37,42.52
26280,296.37,42.605
26640,296.695,42.605
27000,296.21,42.435
27360,296.21,42.345
27720,296.21,42.695
28080,296.21,42.69
28440,296.53,42.955
28800,296.695,42.52
29160,296.69,42.52
29520,296.69,41.825
29880,296.69,43.73
30240,297.02,39.05
30600,296.855,41.13
30960,296.855,41.045
31320,297.015,40.7
31680,296.855,40.525
32040,297.015,40.525
32400,297.02,41.13
32760,297.175,41.475
33120,297.34,39.22
33480,297.34,40.96
33840,297.02,41.045
34200,297.18,40.87
34560,297.18,40.875
34920,298.63,40.355
35280,297.34,40.005
35640,297.18,39.915
36000,297.34,39.66
36360,297.5,39.31
36720,297.985,39.315
37080,297.5,39.66
37440,297.66,40.18
37800,297.5,39.745
38160,298.145,40.265
38520,297.02,42.52
39600,297.34,43.21
39960,297.66,42.52
40320,297.66,40.785
40680,297.66,38.53
41040,297.66,38.53
41760,297.34,42.87
42120,297.34,43.21
42480,297.34,42.52
43200,298.145,40.35
43560,300.08,40.695
43920,297.66,40.525
44280,297.66,40.785
44640,297.985,40.61
45000,297.82,40.875
45360,298.305,40.525
45720,297.985,40.96
46080,297.66,42.87
46800,297.985,40.525
47160,298.145,40.44
47520,298.305,40.265
47880,297.82,40.7
48240,297.985,40.695
48600,297.985,40.7
48960,298.145,40.435
49320,298.305,40.435
49680,298.31,37.32
50400,297.985,40.35
50760,297.82,40.265
51120,297.98,37.49
51480,298.95,39.835
51840,297.82,40.18
52200,298.95,39.83
52560,298.31,40.09
52920,298.465,40.005
54000,298.145,40.265
54360,298.145,40.44
54720,298.31,40.18
55080,297.98,40.7
55440,297.98,40.785
55800,298.47,41.045
56160,298.47,40.7
56520,298.47,40.87
57600,299.27,37.84
57960,297.98,43.56
58320,298.31,43.39
58680,298.47,40.695
59040,298.47,41.305
59400,298.47,41.22
59760,298.31,43.56
60120,298.31,43.73
60480,298.31,44.08
61200,298.63,39.4
61560,298.63,39.4
61920,298.47,42.085
62280,298.95,44.77
62640,298.95,39.57
63000,298.47,42.085
63360,298.465,42.435
63720,298.305,42.175
64080,298.63,39.57
64800,298.79,42
65160,298.63,42.345
65520,298.305,42.35
65880,298.465,42.43
66240,298.79,42.435
66600,298.63,42.605
66960,298.465,42.955
67320,298.63,42.345
67680,299.27,40.27
68400,298.63,43.385
68760,298.95,43.565
69120,298.47,43.39
69480,298.31,45.99
69840,298.31,45.12
70200,298.63,43.3
70560,298.955,42.865
70920,298.305,42.955
72000,298.145,42.61
72360,298.145,42.78
72720,297.82,43.13
73080,298.465,43.215
73440,297.82,43.385
73800,297.66,40.96
74160,298.305,43.91
74520,297.66,42.35
75600,297.5,45.125
75960,297.34,45.205
76320,297.34,45.295
76680,297.34,45.73
77040,297.66,45.64
77400,297.02,44.25
77760,297.02,44.08
78120,297.18,45.73
78480,297.66,47.38
79200,297.18,46.16
79560,297.02,45.9
79920,297.34,47.55
80280,297.34,47.38
80640,297.18,46.16
81000,297.015,46.335
81360,297.02,46.165
81720,297.665,46.335
82080,296.69,44.77
82800,297.02,46.075
83160,297.18,46.42
83520,297.015,46.6
83880,296.695,46.51
84240,296.855,46.94
84600,297.02,45.47
84960,297.825,46.685
85320,297.02,48.24
85680,297.34,44.77
86040,296.69,45.3
0,297.02,46.51
360,297.18,46.425
720,296.855,46.685
1080,296.855,46.77
1440,297.02,46.855
1800,297.34,46.77
2160,297.175,46.77
2520,296.855,46.77
2880,296.855,46.685
3240,297.34,47.03
3600,296.69,45.47
3960,296.855,46.77
4320,296.855,46.945
4680,296.855,46.595
5040,296.855,46.77
5400,297.18,47.03
5760,296.855,47.115
6120,296.855,47.375
6480,296.855,47.29
6840,296.69,47.29
7200,296.855,47.46
7560,298.79,47.46
7920,296.855,47.465
8280,297.02,49.11
8640,297.175,47.81
9000,297.82,47.985
9360,296.855,47.81
9720,297.34,47.985
10080,299.115,48.155
10440,297.02,49.11
10800,297.02,49.11
11160,297.02,49.11
11520,296.855,48.33
11880,297.335,47.895
12240,297.335,48.155
12600,296.69,48.07
12960,298.145,48.155
13320,296.69,47.2
13680,296.855,47.81
14040,297.02,48.16
14400,296.69,48.155
14760,296.69,47.895
15120,296.69,49.63
15480,297.175,48.16
15840,296.69,48.42
16200,296.69,48.33
16560,298.145,48.42
16920,296.69,48.415
17280,297.66,47.985
17640,296.69,48.505
18000,296.69,48.155
18360,296.69,47.985
18720,296.69,49.28
19080,296.855,48.33
19440,296.69,48.245
19800,296.69,47.03
20160,297.175,48.155
20520,297.02,48.245
20880,297.175,48.245
21240,296.855,48.16
21600,296.69,48.33
21960,296.69,48.505
22320,297.18,48.245
22680,296.855,48.505
23040,296.69,48.245
23400,296.855,48.675
23760,299.11,48.675
24120,296.53,48.935
24480,296.69,49.8
24840,296.695,48.675
25200,296.69,49.98
25560,296.69,49.8
25920,296.53,48.68
26280,296.69,48.76
26640,296.69,48.505
27000,296.69,48.76
27360,296.53,49.11
27720,296.53,49.195
28080,296.855,48.935
28440,296.53,48.935
28800,296.69,50.15
29160,297.02,50.15
29520,296.53,49.11
29880,296.855,49.37
30240,296.69,48.675
30600,296.855,48.85
30960,297.02,47.2
31320,297.02,46.16
31680,297.18,48.155
32040,297.18,48.155
32400,297.66,48.415
32760,297.985,48.505
33120,297.34,51.89
33480,297.66,49.025
33840,297.5,50.24
34200,297.66,50.67
34560,297.66,50.93
34920,297.82,51.45
35280,297.825,51.02
35640,297.98,51.275
36000,297.98,48.76
36360,297.66,53.27
36720,297.66,53.62
37080,297.82,50.585
37440,297.98,48.42
37800,298.63,51.365
38160,297.985,52.23
38520,300.24,51.975
38880,298.31,54.49
39600,297.98,51.885
39960,298.31,51.975
40320,298.79,51.105
40680,298.31,52.93
41040,297.985,50.235
41400,297.98,50.325
41760,297.98,50.155
42120,298.95,47.72
42480,297.98,47.55
43200,298.63,46.86
43560,299.27,47.2
43920,298.305,49.375
44280,297.82,49.455
44640,298.145,49.46
45000,298.95,46.68
45360,298.31,46.68
45720,298.63,46.51
46080,298.63,46.16
47160,297.98,50.84
47520,298.95,47.55
47880,298.145,47.81
48240,298.47,47.55
48600,298.145,46.94
48960,299.6,46.765
49320,298.63,46.425
50400,298.47,45.905
50760,298.47,45.725
51120,298.79,45.725
51480,298.47,45.905
51840,298.79,45.815
52200,303.15,43.21
52560,298.305,45.905
52920,298.63,45.385
53280,298.31,48.07
54000,299.27,42.17
54360,298.63,41.83
54720,298.63,41.65
55080,298.63,41.48
55440,298.31,43.905
55800,298.63,43.56
56160,298.31,43.475
56520,298.145,43.39
56880,298.31,45.99
57600,298.79,43.995
57960,298.95,44.6
58320,298.47,44.34
58680,298.47,44.865
59040,298.95,46.68
59400,298.79,45.035
59760,299.435,45.205
60120,298.79,44.865
60480,298.95,42.35
61200,298.47,44.6
61560,300.565,44.165
61920,298.63,44.165
62280,299.11,43.91
62640,298.31,43.125
63000,298.79,42.435
63360,298.47,42.26
63720,298.47,41.825
64800,298.63,39.05
65160,298.47,41.565
65520,298.63,41.39
65880,298.63,38.7
66240,299.27,38.7
66600,298.79,41.39
66960,298.63,38.36
67320,298.63,38.18
68400,299.6,37.14
68760,299.435,39.315
69120,298.955,39.14
69480,298.31,40.96
69840,298.31,41.65
70200,298.305,39.225
70560,298.305,39.575
70920,298.31,39.485
71280,298.31,41.48
72000,298.47,39.395
72360,298.145,39.57
72720,298.145,39.57
73080,297.98,42.35
73440,298.145,39.57
73800,297.985,39.575
74160,298.47,40.005
74520,297.985,39.745
74880,298.31,37.32
75600,297.98,37.66
75960,297.98,37.66
76320,297.5,40.18
76680,297.66,40.265
77040,298.47,40.44
77400,297.34,40.7
77760,297.66,40.525
78120,297.5,40.61
78480,297.66,38.01
79200,297.985,40.695
79560,297.5,40.695
79920,298.145,40.525
80280,297.5,40.87
80640,297.82,40.7
81000,297.34,40.7
81360,297.5,40.785
81720,297.34,40.785
82800,297.34,40.7
83160,297.5,40.61
83520,297.34,40.525
83880,297.34,40.265
84240,297.34,40.35
84960,297.34,40.265
85320,297.02,37.84
86040,297.02,41.83
0,297.18,39.92
360,297.18,39.57
720,297.02,39.485
1080,297.34,41.83
1440,297.34,41.65
1800,297.02,40.96
2160,297.18,37.665
2520,297.34,36.795
2880,297.015,37.58
3240,296.37,40.44
3600,297.02,38.185
3960,297.02,38.965
4320,296.855,39.31
4680,298.305,40.095
5040,297.02,40.265
5400,297.02,39.22
5760,297.02,39.05
6120,297.02,41.305
6480,297.015,41.74
6840,296.855,41.565
7200,296.855,42.085
7560,296.855,41.915
7920,297.175,42.175
8280,297.02,42.345
8640,297.02,42.085
9000,297.02,44.25
10080,296.69,44.25
10440,296.69,44.08
10800,296.855,42
11160,297.175,42.175
11520,296.69,43.91
11880,296.69,43.91
12240,297.02,43.91
12600,296.69,44.08
13680,296.69,41.565
14040,296.69,41.22
14400,300.56,39.92
14760,296.69,41.565
15120,296.69,41.305
15480,297.015,41.48
15840,296.69,41.48
16200,296.69,41.395
16560,296.69,41.395
16920,299.11,41.305
17280,296.69,41.22
17640,296.69,41.57
18000,296.69,39.4
18360,296.69,39.4
18720,296.855,41.39
19080,296.855,41.48
19800,296.69,41.22
20160,296.53,41.045
20520,296.53,41.39
20880,296.69,41.22
21240,297.015,41.305
22320,296.69,42.69
22680,296.69,43.56
23040,296.37,41.305
23400,296.855,41.48
23760,296.53,41.565
24120,296.695,41.65
24480,296.37,41.48
24840,296.37,41.74
25200,296.37,39.75
25560,296.695,41.565
25920,296.69,41.57
26280,297.015,41.65
26640,296.53,41.39
27000,296.53,41.825
27360,296.37,41.305
27720,296.37,41.48
28080,296.37,39.75
28440,296.37,39.75
28800,296.69,43.04
29160,296.69,43.04
29520,296.37,43.39
29880,296.37,39.57
30240,296.69,39.57
30600,296.855,40.96
30960,297.34,38.53
31320,297.175,40.785
31680,296.855,40.44
32040,297.02,39.83
32400,297.02,39.83
32760,296.855,40.09
33120,297.02,37.66
33480,297.02,37.49
33840,296.855,39.57
34200,297.18,39.225
34560,297.02,38.615
34920,297.335,38.535
35280,297.175,38.36
36000,297.34,38.705
36360,297.015,38.27
36720,297.5,38.185
37080,297.02,38.01
37440,297.18,37.665
43200,297.82,32.375
43560,298.465,32.635
43920,298.145,32.895
44280,297.985,32.98
44640,298.305,32.635
45000,298.31,30.55
45360,298.63,31.07
45720,297.985,32.635
46080,297.98,34.72
46800,298.63,31.42
47160,297.98,31.25
47520,298.145,34.63
47880,298.145,33.675
48240,298.305,33.765
48600,297.82,34.195
48960,297.82,35.235
49320,297.66,38.01
50400,298.95,34.72
50760,298.63,33.68
51120,298.63,29.51
51480,298.95,30.03
51840,298.31,30.73
52200,298.31,33.675
52560,298.31,34.28
52920,297.82,34.54
54000,297.66,38.01
54360,297.66,37.49
54720,298.145,35.06
55080,297.66,35.405
55440,297.66,35.15
55800,297.66,36.62
56520,298.31,32.46
57600,297.66,37.84
57960,297.98,33.85
58320,297.82,35.495
58680,298.31,37.14
59400,298.79,34.975
59760,298.79,34.37
60120,298.95,34.025
60480,298.63,36.62
61200,298.95,31.77
61920,299.27,37.32
62280,299.11,34.975
62640,298.63,37.66
63000,298.63,37.49
63360,298.63,38.01
63720,298.31,35.665
64080,298.95,33.33
64800,298.95,32.63
65160,299.92,32.63
65520,297.98,38.7
65880,297.98,38.88
66240,298.305,36.45
66600,298.145,36.625
66960,298.145,36.45
67320,298.31,38.88
68400,297.66,34.89
68760,298.305,37.145
69120,297.82,37.055
69480,298.63,36.97
69840,298.145,36.8
70200,298.145,36.71
70560,297.98,37.145
70920,297.98,37.145
72000,297.82,37.315
72360,297.5,37.49
72720,297.66,37.58
73080,297.66,35.24
73440,297.98,35.76
73800,297.66,37.925
74160,297.66,35.06
74520,297.34,37.925
74880,299.27,39.92
75600,297.98,40.44
75960,297.98,40.61
76320,297.34,40.79
76680,297.18,38.615
77040,297.18,38.355
77400,297.18,38.615
77760,297.82,38.705
78120,297.02,38.705
78480,297.02,40.61
79200,297.02,39.05
79560,296.855,38.79
79920,296.855,38.965
80280,297.18,38.965
80640,297.02,39.135
81000,297.66,41.31
81360,296.69,40.96
81720,297.02,39.31
82080,297.02,37.32
82800,296.855,39.57
83160,297.335,39.395
83520,296.855,39.745
83880,297.175,39.66
84240,296.69,41.83
84600,297.015,39.915
84960,296.53,39.92
85320,297.015,40.265
85680,296.855,40.09
86040,296.69,40.35
0,296.53,40.525
360,296.53,40.35
720,296.53,40.525
1080,296.37,38.88
1440,296.37,39.4
1800,296.53,40.785
2160,296.69,39.4
2520,296.37,39.57
2880,297.015,40.96
3240,296.53,41.395
3600,296.37,41.39
3960,299.27,39.57
4320,296.69,41.13
4680,299.27,41.65
5040,297.015,41.74
5400,296.69,41.395
5760,296.69,41.395
6120,296.69,41.215
6480,296.53,41.74
6840,296.69,41.74
7200,296.855,41.65
7560,296.69,43.91
7920,296.69,43.73
8280,296.69,41.39
8640,297.34,43.56
9000,296.855,41.915
9360,296.69,41.65
9720,297.02,38.88
10080,296.69,41.655
10440,296.69,44.08
10800,297.015,41.74
11160,297.015,42.26
11520,296.37,44.6
11880,296.37,44.6
12240,296.69,44.6
12600,297.015,42.17
12960,298.95,41.91
13320,297.18,42.435
13680,296.53,42.175
14040,296.695,42.17
14400,296.53,42.175
14760,296.855,42.43
15120,297.34,39.75
15480,296.69,42.61
15840,296.855,42.525
16200,296.53,42.605
16560,296.53,42.435
16920,296.53,42.435
17280,296.53,42.35
17640,296.53,42.61
18000,296.37,45.3
18720,297.34,40.44
19080,296.855,42.52
19440,296.695,42.87
19800,296.695,42.61
20160,296.69,40.27
20520,296.53,42.785
20880,296.69,42.695
21240,296.53,42.865
21600,296.69,40.27
21960,296.69,40.61
22320,296.37,42.87
22680,296.53,42.78
23040,297.02,40.44
23400,296.53,42.695
23760,296.53,42.695
24120,296.855,42.955
24480,297.015,42.87
24840,296.37,45.12
25200,296.53,42.865
25560,296.53,42.865
25920,297.34,43.04
26280,296.53,42.695
26640,296.53,43.13
27000,296.37,45.47
27360,296.37,45.3
27720,296.53,43.13
28080,296.53,42.695
28440,298.465,42.78
28800,296.69,40.61
29160,296.69,40.44
29520,296.37,45.47
29880,296.37,45.47
30240,296.855,42.955
30600,296.53,42.865
30960,296.53,42.95
31320,296.69,44.43
31680,296.69,44.08
32040,297.02,44.43
32400,296.69,42.17
32760,296.53,43.04
33120,297.18,42.695
33480,296.855,42.52
33840,296.855,42.17
34200,297.02,41.655
34560,297.34,39.57
34920,297.02,39.75
35280,297.5,42.085
35640,297.985,41.91
36000,296.855,42.43
36360,297.02,40.79
36720,299.6,42.17
37080,297.5,42.085
37440,298.145,41.915
37800,297.66,41.39
38160,297.66,41.565
38520,298.625,41.045
38880,297.98,42.87
39600,297.82,41.045
39960,297.825,40.435
40320,297.985,40.35
40680,297.82,40.87
41040,298.305,40.61
41760,298.31,38.18
42120,297.82,40.61
42480,297.98,38.53
43200,298.145,39.485
43560,297.985,39.14
43920,297.98,41.13
44280,297.98,41.65
44640,297.985,39.92
45000,297.82,40.265
45360,298.465,40.44
45720,298.145,40.44
46080,298.31,38.01
46800,298.145,41.045
47160,297.82,40.61
47520,297.985,40.525
47880,297.82,40.18
48240,297.66,40.785
48600,297.66,38.18
48960,298.47,40.005
49320,298.79,39.57
50400,299.755,37.925
50760,299.6,37.925
51120,299.27,40.96
51480,299.27,40.44
51840,299.6,40.79
52200,300.56,40.44
52560,299.27,35.93
52920,299.6,38.185
53280,299.92,40.61
54000,299.76,38.27
54360,299.6,38.1
54720,299.76,38.01
55080,299.92,37.75
55440,300.24,37.84
55800,299.92,38.36
56160,299.435,38.445
56520,299.6,39.05
56880,299.6,40.44
57600,300.24,40.09
57960,299.27,38.185
58320,299.11,38.875
58680,299.595,38.445
59040,299.435,37.925
59400,299.595,38.095
59760,299.6,38.275
60120,299.915,38.185
60480,299.92,35.93
61200,299.92,37.835
61560,300.08,37.32
61920,299.92,38.01
62280,299.76,37.755
62640,300.08,37.575
63000,300.245,37.49
63360,299.76,37.235
63720,299.92,37.575
64800,299.92,39.4
65160,299.6,40.09
65520,299.6,40.27
65880,299.76,37.925
66240,299.11,38.79
66600,299.11,38.965
66960,298.79,39.14
67320,298.79,39.485
68400,298.95,40.435
68760,299.115,39.83
69120,299.27,36.97
69480,298.79,39.835
69840,301.21,39.835
70200,298.95,39.57
70560,299.275,39.655
70920,298.79,40.005
71280,298.63,42.17
72000,298.31,42
72360,298.63,39.66
72720,298.47,39.83
73080,299.76,39.92
73440,298.47,40.09
74160,298.63,37.49
74520,298.95,39.83
74880,298.63,37.49
75600,298.95,40.095
75960,298.305,40.095
76320,298.465,40.265
76680,298.47,40.61
77040,297.985,40.35
77400,298.145,40.525
77760,297.985,40.61
78120,297.82,40.785
78480,298.31,38.36
79200,297.66,40.96
79560,297.82,40.7
79920,297.66,40.87
80280,297.98,38.18
80640,297.98,38.53
81000,297.82,40.96
81360,297.66,40.955
81720,297.66,41.13
82800,297.5,41.395
83160,297.34,41.48
83520,298.305,41.48
83880,297.66,41.74
84240,297.34,41.83
84600,297.66,42.17
84960,297.34,43.73
85680,297.82,41.045
86040,298.47,41.39
0,297.82,41.215
360,297.66,41.135
720,297.985,41.565
1080,297.66,41.135
1440,297.825,41.475
1800,297.66,41.565
2160,298.305,41.565
2520,297.5,41.565
2880,297.34,41.825
3240,297.5,41.91
3600,297.66,44.08
3960,297.34,42
4320,297.34,42
4680,297.34,42.26
5040,297.34,43.91
5400,297.985,42.175
5760,297.34,42.52
6120,297.34,42.78
6480,297.34,42.52
6840,297.34,42.78
7200,297.34,43.04
7560,297.34,43.125
7920,297.02,41.65
8280,297.5,43.3
8640,297.02,43.215
9000,297.02,43.385
9360,297.34,43.39
9720,297.34,44.6
10080,297.5,43.475
10440,297.02,43.82
10800,297.02,42.87
11160,296.855,43.995
11520,297.34,43.82
11880,297.02,43.995
12240,297.18,44.085
12600,297.66,44.43
12960,297.18,44.34
13320,297.02,44.34
13680,297.02,44.08
14040,299.92,44.69
14400,297.02,44.69
14760,297.18,44.255
15120,297.34,43.21
15480,297.5,44.34
15840,298.63,44.08
16200,297.18,44.255
16560,297.02,44.43
16920,297.02,44.515
17280,297.02,44.515
17640,297.02,44.34
18000,297.02,44.515
18360,297.02,44.515
18720,296.855,44.6
19080,296.855,44.69
19440,297.02,44.775
19800,296.69,45.99
20160,297.18,44.775
20520,297.02,44.775
20880,297.02,43.21
21240,297.02,43.04
21600,297.18,44.425
21960,297.02,44.515
22320,296.855,44.775
22680,297.02,44.6
23040,297.02,44.86
23400,297.18,44.605
23760,296.855,44.605
24120,297.02,42.87
24480,297.02,44.775
24840,297.02,44.685
25200,297.18,44.775
25560,297.34,44.69
25920,296.855,44.775
26280,297.34,43.56
26640,297.98,43.21
27000,297.02,46.51
27360,297.02,45.99
27720,297.18,44.86
28080,297.02,43.04
28440,296.69,43.04
28800,297.02,46.16
29160,297.02,46.34
29520,297.02,46.16
29880,296.855,45.035
30240,297.02,44.865
30600,296.855,45.035
30960,296.69,43.73
31320,297.02,43.56
31680,296.69,43.21
32040,297.5,44.86
32400,297.66,44.95
32760,297.5,44.775
33120,297.02,45.035
33480,297.02,44.86
33840,297.18,45.21
34200,297.02,46.16
34560,297.34,45.205
34920,297.5,45.035
35280,297.02,45.295
35640,297.34,45.035
36000,297.34,46.86
36360,297.34,45.21
36720,297.665,45.205
37080,297.18,45.295
37440,297.34,45.12
37800,297.18,45.125
38160,297.34,45.125
38520,297.02,45.21
38880,296.69,43.91
39600,297.34,47.03
39960,297.34,46.51
40320,297.18,45.38
40680,297.18,45.47
41040,297.34,45.38
41400,297.34,44.95
41760,297.18,45.295
42120,297.66,45.035
43200,297.825,44.6
43560,297.34,45.125
43920,297.18,45.12
44280,297.02,43.21
44640,297.34,43.04
45000,297.34,46.86
45360,297.34,46.86
45720,297.5,44.605
46800,297.34,44.43
47160,297.34,42.87
47520,297.02,42.35
47880,297.66,42.69
48240,297.34,44.34
48600,297.985,44.605
48960,297.34,44.605
49320,297.66,44.605
49680,297.34,46.68
50400,297.66,45.99
50760,297.825,44.425
51120,297.985,44.165
51480,297.34,44.34
51840,297.66,44.255
52200,297.34,46.16
52560,297.82,44.255
52920,298.63,42.17
53280,297.34,41.83
54000,297.5,43.995
54360,297.66,44.34
54720,297.18,44.34
55080,297.5,44.345
55440,297.02,46.68
55800,297.34,44.34
56160,297.985,44.17
56520,297.5,44.08
56880,297.66,42.35
57600,297.66,44.08
57960,297.5,43.995
58320,297.5,43.91
58680,297.5,43.825
59040,297.5,43.565
59400,297.66,43.735
59760,297.66,41.48
60120,297.34,41.65
61200,297.34,43.82
61560,297.82,43.905
61920,297.5,43.39
63000,297.5,43.82
63360,297.66,43.82
63720,297.66,41.83
64080,297.66,46.34
64800,298.145,43.645
65160,299.595,43.565
65520,298.145,43.56
65880,298.145,43.475
66240,297.66,43.735
66600,297.66,43.475
66960,298.63,43.565
67320,297.66,43.735
67680,297.98,45.64
68400,297.66,45.64
68760,297.82,43.3
69120,298.79,43.215
69480,297.5,43.215
69840,298.305,43.65
70200,297.66,43.3
70560,297.66,43.39
70920,297.34,45.99
72000,299.92,43.475
72360,297.5,43.65
72720,297.66,41.13
73080,297.5,43.56
73440,297.66,43.3
73800,297.98,40.61
74160,297.66,41.31
74520,297.66,43.39
75600,297.66,40.96
75960,299.435,43.215
76320,297.5,43.3
76680,297.985,43.56
77040,297.5,43.215
77400,297.5,43.3
77760,297.66,43.56
78120,297.5,43.56
79200,297.34,41.48
79560,297.5,43.735
79920,297.34,42
80280,297.34,44.085
80640,297.34,43.995
81000,297.66,41.65
81360,300.24,42
81720,297.5,44.345
82080,297.34,45.82
82800,297.34,44.425
83160,297.34,46.68
83520,298.31,46.51
83880,297.66,44.685
84240,297.5,44.255
84960,297.34,41.83
85320,297.34,46.34
85680,297.02,46.86
86040,297.18,43.91
0,297.34,44.43
360,297.66,44.6
720,297.18,44.865
1080,297.18,45.035
1440,297.02,44.775
1800,297.02,44.775
2160,297.5,44.865
2520,299.435,44.515
2880,298.31,42.69
3240,297.34,42.52
3600,297.34,44.775
3960,297.02,44.69
4320,299.275,44.86
4680,297.34,44.945
5040,297.34,44.95
5400,297.02,46.68
5760,297.02,47.03
6120,297.66,44.86
6480,297.18,45.035
6840,297.18,44.86
7200,297.18,45.295
7560,297.18,44.86
7920,297.665,44.685
8280,297.18,44.6
8640,297.18,44.86
9000,299.275,44.685
9360,297.66,44.775
9720,297.66,42.87
10080,297.66,45.64
10440,297.66,44.25
10800,297.02,48.76
11160,297.18,45.9
11520,297.66,45.985
11880,297.02,48.24
12240,297.02,48.42
12600,297.34,43.91
13320,297.02,48.59
13680,297.02,48.94
14040,297.02,48.59
14400,297.98,48.24
14760,297.02,47.9
15120,297.18,45.815
15480,297.34,45.9
15840,297.18,45.47
16200,297.02,47.2
16560,297.02,47.2
16920,297.34,45.645
17280,297.02,46.16
17640,297.02,45.9
18000,297.18,46.075
18360,297.665,46.16
18720,297.02,46.16
19080,297.02,45.73
19440,297.02,47.55
19800,297.34,47.38
20160,297.02,47.38
20520,297.02,45.64
20880,297.02,45.815
21240,297.02,45.555
21600,297.34,45.645
21960,297.18,45.99
22320,297.02,45.64
22680,297.02,45.815
23040,297.02,45.725
23400,297.34,45.555
23760,297.18,45.64
24120,297.02,45.815
24480,297.02,45.725
24840,297.02,45.73
25200,297.18,45.725
25560,298.95,45.64
25920,296.69,44.08
26280,297.02,45.64
26640,297.335,45.725
27000,296.855,45.555
27360,296.855,45.645
27720,297.175,45.73
28080,297.335,45.73
28440,297.02,45.73
28800,296.855,45.64
29160,297.34,47.03
29520,297.02,47.2
29880,297.18,45.64
30240,296.855,45.99
30600,297.02,46.68
30960,297.66,45.99
31320,297.18,45.38
31680,297.34,45.385
32040,297.02,45.645
32400,297.02,45.21
32760,297.02,45.47
33120,297.02,45.38
33480,297.34,43.39
33840,297.02,43.73
34200,297.34,47.03
34560,297.34,46.68
34920,297.18,45.12
35280,297.18,45.21
35640,297.18,45.385
36000,297.18,45.295
36360,297.34,45.035
36720,297.02,43.04
37080,297.18,45.21
37440,297.34,45.12
37800,297.34,45.12
38160,297.34,43.39
38520,297.02,43.73
39600,297.34,45.21
39960,298.31,43.73
40320,297.02,43.73
40680,297.34,45.035
41040,297.82,45.035
41400,297.34,45.295
41760,297.34,43.56
42120,297.34,43.56
43200,297.5,45.815
43560,297.98,45.815
43920,297.5,45.99
44280,297.5,45.815
44640,297.34,45.64
45000,297.66,45.815
45360,297.5,45.985
45720,297.66,45.73
46080,297.66,47.2
46800,297.98,47.55
47160,297.34,45.9
47520,297.66,45.73
47880,297.5,45.555
48240,297.5,45.555
48600,297.34,45.815
48960,297.66,45.9
49320,297.82,45.99
49680,297.34,44.43
50400,297.5,46.165
50760,297.985,46.165
51120,297.82,45.985
51480,297.66,45.905
51840,297.66,45.9
52200,297.5,45.985
52560,297.66,46.16
52920,297.66,45.815
54000,297.66,47.38
54360,297.98,47.55
54720,297.5,45.985
55080,297.34,44.25
55440,297.34,44.43
55800,297.66,45.815
56160,297.5,45.9
56520,297.82,45.73
57600,297.66,45.9
57960,298.145,45.465
58320,298.31,43.56
58680,297.66,45.645
59040,297.66,45.465
59400,298.145,45.645
59760,298.145,45.38
60120,297.82,45.295
60480,297.66,47.03
61200,297.66,43.56
61560,297.66,43.39
61920,298.305,44.775
62280,298.31,47.2
62640,297.66,46.86
63720,297.82,44.95
64080,297.66,42.35
64800,297.82,44.95
65160,297.985,44.685
65520,297.66,42.87
65880,297.66,42.35
66240,297.98,42.69
66600,297.66,44.345
66960,297.5,44.515
67320,297.66,46.51
68400,297.66,44.255
68760,297.5,44.08
69120,297.66,44.345
69480,297.66,46.51
69840,297.66,45.99
70200,297.66,46.16
70560,297.98,46.34
70920,297.66,43.995
72000,297.82,43.91
72360,297.82,43.995
72720,297.5,44.17
73080,297.82,44.08
73440,297.66,43.825
73800,297.5,43.995
74160,297.34,42.35
74520,298.95,42
75600,297.5,44.515
75960,297.66,44.085
76320,297.66,44.255
76680,297.34,44.17
77040,297.5,44.425
77400,297.66,43.91
77760,297.34,44.17
78120,297.66,44.17
78480,297.66,45.47
79200,297.5,44.08
79560,298.31,45.82
79920,297.5,44.255
80280,297.66,44.345
80640,297.66,44.34
81000,297.5,44.255
81360,297.5,44.345
82800,297.34,44.17
83160,297.66,44.43
83520,297.34,44.17
83880,297.5,44.43
84240,297.985,44.17
84600,297.66,42.52
84960,297.34,42.17
85320,297.5,43.905
85680,297.34,42.69
86040,298.31,42.52
0,297.5,44.34
360,297.66,44.34
720,297.18,44.43
1080,297.66,44.345
1440,297.985,44.255
1800,297.66,45.82
2520,297.66,41.48
2880,297.66,43.56
3240,297.985,43.475
3600,297.98,43.215
3960,297.985,42.955
4320,297.82,43.39
4680,297.98,41.83
5040,297.82,43.56
5400,297.985,43.735
5760,297.98,45.3
6120,297.66,45.64
6480,298.63,43.475
6840,298.145,43.91
7200,297.82,43.995
7560,297.98,43.735
7920,298.305,43.91
8280,297.98,43.905
8640,298.31,42.35
9000,297.98,44.255
9360,297.98,45.99
9720,300.24,45.99
10440,298.31,43.39
10800,298.95,44.34
11160,297.82,44.515
11520,298.31,42.35
11880,297.98,44.345
12240,298.145,44.515
12600,297.98,44.425
12960,297.98,44.17
13320,297.98,44.425
13680,297.82,44.345
14040,300.565,44.34
14400,298.79,44.6
14760,297.98,44.6
15120,298.465,44.605
15480,300.885,44.775
15840,298.145,44.515
16200,298.305,44.425
16560,297.98,44.34
16920,298.145,44.515
17280,297.98,44.605
17640,298.305,44.255
18000,297.98,44.345
18360,298.305,44.345
18720,298.31,44.255
19080,298.145,44.08
19440,297.985,43.995
19800,298.63,44.34
20160,297.98,44.08
20520,298.145,44.43
20880,298.31,42.52
21240,298.63,44.255
21600,297.98,46.51
21960,298.31,44.17
22320,299.915,43.905
22680,297.82,44.34
23040,298.625,44.255
23400,297.98,44.43
23760,297.98,46.34
24120,297.98,45.99
24480,297.82,44.515
24840,300.4,43.995
25200,298.145,44.43
25560,297.98,46.16
25920,297.66,42.69
26280,297.98,44.345
26640,297.82,44.425
27000,297.66,42.52
27360,297.98,42.87
27720,298.79,44.515
28080,297.985,44.165
28440,297.98,44.6
28800,297.98,42.35
29160,298.31,41.31
29520,297.98,43.735
29880,298.465,44.255
30240,298.63,45.99
30600,298.47,43.995
30960,298.63,43.735
31320,298.47,43.475
31680,298.79,43.65
32040,298.31,44.08
32400,298.47,43.735
32760,298.465,44.34
33120,298.145,45.125
33480,297.66,47.55
33840,297.985,44.86
34200,297.66,47.72
34560,297.98,47.55
34920,298.145,44.775
35280,298.145,44.775
35640,298.145,44.425
36000,298.31,42.17
36360,298.145,44.17
36720,298.305,43.56
37080,297.98,42
37440,297.82,44.165
37800,297.82,44.34
38160,297.82,43.995
38520,297.82,43.825
38880,298.31,45.82
39600,298.63,43.995
39960,298.31,46.16
40320,297.98,45.3
40680,298.47,42.61
41040,298.63,42
41400,298.95,41.48
41760,298.63,44.25
42120,300.73,41.825
42480,298.63,39.57
43200,299.275,41.65
43560,298.63,41.735
43920,298.79,41.65
44280,298.95,41.74
44640,298.47,41.655
45000,298.63,42
45360,298.47,42
45720,298.47,41.915
46080,298.31,39.57
46800,298.145,42.085
47160,298.47,41.65
47520,298.63,41.395
47880,298.47,41.565
48240,299.595,40.61
48600,299.755,39.05
48960,300.24,38.88
49320,300.24,38.705
50400,300.24,40.96
50760,300.89,40.79
51120,300.24,38.79
51480,300.24,40.79
51840,300.24,41.13
52200,300.08,38.795
52560,300.24,38.615
52920,301.37,39.31
54000,299.27,38.01
54720,299.92,42.52
55080,300.725,39.915
55440,300.725,40.005
55800,300.24,40.265
56160,300.4,40.265
56520,300.56,40.61
56880,300.24,42.87
57600,300.565,40.87
57960,300.56,43.04
58320,300.725,41.13
58680,299.92,41.48
59040,299.92,41.91
59400,300.08,42.085
59760,300.08,41.825
60120,299.27,43.13
60480,298.95,41.13
61200,299.435,43.13
61560,300.08,42.78
61920,300.24,42.78
62280,299.915,43.65
62640,299.27,43.825
63000,299.11,44.345
63360,298.79,44.255
63720,298.95,44.69
64800,299.6,42.35
65160,298.79,45.035
65520,298.63,45.035
65880,299.27,47.2
66240,298.95,47.03
66600,298.31,45.21
66960,298.63,45.12
67320,299.595,45.035
68400,298.95,46.68
68760,298.47,45.295
69120,298.63,45.295
69480,299.27,43.04
69840,298.63,45.38
70200,298.95,47.03
70560,299.435,44.86
70920,298.79,44.775
71280,298.63,46.68
72000,298.95,43.91
72360,298.79,44.43
72720,299.27,43.82
73080,298.31,46.86
73440,298.63,46.86
73800,298.63,44.34
74160,298.63,46.68
74520,298.63,44.345
74880,298.63,44.43
75600,298.31,47.2
75960,298.63,46.68
76320,298.63,46.68
77400,298.955,44.34
77760,298.465,44.345
78120,298.31,44.43
78480,299.27,42
79200,298.145,44.43
79560,298.47,44.255
79920,297.98,44.605
80280,298.145,44.515
80640,297.98,44.775
81000,297.98,42.52
81360,297.98,42.69
81720,297.98,42.35
82800,298.31,44.605
83160,297.98,44.95
83520,297.66,44.86
84600,298.145,45.035
84960,297.82,45.035
85320,297.66,45.295
85680,297.98,43.39
86040,297.66,45.465
0,299.92,45.555
360,297.66,45.295
720,297.34,43.73
1080,297.34,43.91
1440,297.5,45.645
1800,297.66,45.205
2160,297.66,46.86
2880,297.66,43.21
3240,297.66,42.69
3600,297.5,45.725
3960,302.5,47.72
4320,297.34,47.72
4680,297.98,48.24
5040,297.5,45.9
5400,297.5,46.075
5760,297.825,45.99
6120,297.985,46.075
6480,297.5,45.815
6840,297.5,45.985
7200,297.5,45.725
7560,297.66,45.99
7920,297.66,43.91
8280,297.5,45.985
8640,297.5,45.9
9000,299.115,45.9
9360,297.5,46.25
9720,297.66,45.985
10080,297.5,45.815
10440,297.825,45.99
10800,297.5,46.25
11160,297.66,46.075
11520,297.34,48.24
11880,297.34,46.16
12240,297.5,45.985
12600,297.82,45.815
12960,297.34,46.25
13320,299.76,46.51
13680,297.98,44.08
14040,297.34,44.6
14400,297.18,46.245
14760,297.34,46.335
15120,297.34,46.25
15480,299.6,44.08
15840,297.34,44.43
16200,297.66,46.335
16560,297.66,46.16
16920,297.34,46.245
17280,297.825,46.505
17640,299.435,46.075
18000,297.34,46.165
18360,297.5,46.075
18720,297.34,46.165
19080,297.18,46.25
19440,297.5,46.42
19800,297.34,46.075
20160,297.02,48.24
20520,297.34,46.25
20880,297.34,46.25
21240,297.98,48.07
21600,297.66,46.25
21960,297.34,46.245
22320,298.31,43.91
22680,297.66,44.08
23040,297.66,43.91
23400,297.34,45.9
23760,297.18,45.99
24120,297.34,46.16
24480,297.5,46.335
24840,297.34,46.075
25200,297.18,46.075
25560,297.34,46.335
25920,297.34,43.56
26280,297.34,45.73
26640,297.66,45.645
27000,297.34,46.25
27360,297.34,45.815
27720,297.175,46.075
28080,297.82,45.9
28440,297.5,45.465
28800,297.34,45.465
29160,297.34,44.08
29880,297.5,45.21
30240,297.66,45.21
30600,298.305,44.685
30960,297.98,44.425
31320,297.82,44.515
31680,297.98,41.83
32040,298.145,43.475
32400,297.985,43.475
32760,297.82,43.475
33120,297.985,43.385
33480,298.63,43.045
33840,300.565,43.39
34200,298.31,42.785
34560,297.98,42.605
34920,298.31,40.27
35280,298.95,40.61
35640,298.79,42.435
36000,298.63,42.175
36360,298.31,45.12
36720,298.63,42.52
37080,298.47,42.35
37440,298.31,42.695
37800,298.63,42.43
38160,298.47,42.345
38520,298.63,39.57
38880,298.95,39.92
39600,298.63,42
39960,298.95,42.43
40320,299.27,39.05
40680,299.6,38.88
41040,299.27,38.36
41400,299.275,40.7
41760,299.11,40.61
42120,299.275,40.005
43200,299.435,40.61
43560,299.27,40.35
43920,299.915,40.525
44280,299.11,40.175
44640,299.11,40.005
45000,299.755,39.92
45360,299.435,40.265
45720,299.435,40.355
46800,299.27,38.53
47160,299.275,40.7
47520,299.275,41.305
47880,298.63,39.05
48240,299.275,41.22
48600,298.95,40.96
48960,298.95,41.48
49320,298.79,41.13
49680,298.63,43.73
50400,299.115,41.565
50760,299.6,43.39
51120,299.6,42.87
51480,299.92,40.525
51840,299.76,40.525
52200,299.27,43.04
52560,299.27,42.87
52920,299.92,40.61
53280,299.435,40.61
54000,299.6,38.18
54360,300.56,38.01
54720,299.435,41.13
55080,300.08,41.215
55440,299.435,41.045
55800,299.435,41.39
56160,299.27,41.825
56520,299.27,41.91
56880,299.27,39.92
57600,299.275,42.695
57960,299.27,43.13
58320,299.27,40.61
58680,299.27,40.27
59040,299.27,40.61
59400,299.595,43.65
59760,299.435,43.905
60120,299.27,46.51
61200,299.435,43.825
61560,299.27,41.83
61920,299.6,42.52
62280,299.11,45.12
62640,299.275,45.295
63000,299.915,44.255
63360,299.755,44.255
63720,299.435,44.865
64800,299.6,42.52
65160,299.6,42.35
65520,299.275,44.95
65880,299.27,44.775
66240,299.92,42.35
66600,299.595,44.515
66960,299.76,44.255
67320,299.92,41.48
68400,299.595,44.255
68760,299.6,47.38
69120,299.27,46.86
69480,299.27,47.03
69840,299.11,44.86
70200,298.95,47.03
70560,298.95,47.2
70920,299.275,44.69
71280,299.6,42
72000,299.435,44.34
72360,299.11,44.425
72720,299.27,44.515
73080,299.27,42
73800,298.79,44.95
74160,298.95,44.69
74520,298.79,44.605
75600,298.63,44.775
75960,298.63,44.6
76320,298.63,44.6
76680,298.95,44.43
77040,298.63,44.515
77400,298.63,44.425
77760,299.27,41.83
78120,299.6,41.65
79200,298.31,46.68
79560,298.31,46.51
79920,298.63,43.825
80280,298.95,41.48
80640,300.89,43.82
81000,298.63,43.65
81360,298.63,43.825
81720,298.47,43.65
82080,298.31,46.34
82800,298.305,43.905
83160,300.08,43.735
83520,298.47,43.825
83880,298.305,43.91
84240,299.11,43.735
84600,298.465,43.825
84960,298.145,43.735
85320,298.31,46.34
85680,298.145,43.825
86040,298.31,40.79
