#1
double data(4931,3)
0,294.76,39.05
360,294.76,39.05
720,294.92,38.875
1080,295.245,38.705
1440,294.76,38.88
1800,294.76,38.79
2160,294.76,38.62
2520,295.565,38.79
2880,294.92,38.705
3240,297.335,38.355
3600,294.92,38.27
3960,294.76,38.445
4320,294.76,38.445
4680,294.76,38.275
5040,294.76,38.1
5400,294.44,38.185
5760,294.6,38.27
6120,294.76,38.355
6480,294.92,38.62
6840,294.6,38.27
7200,294.76,36.28
7560,294.76,40.09
7920,294.76,38.185
8280,294.76,38.36
8640,294.44,38.1
9000,294.44,38.275
9360,294.6,38.095
9720,294.6,38.185
10080,294.6,38.1
10440,294.44,38.275
10800,294.44,38.355
11160,294.6,38.27
11520,294.44,38.275
11880,294.44,38.1
12240,294.44,38.185
12600,294.44,38.445
12960,296.695,38.36
13320,295.89,38.27
13680,294.44,37.925
14040,294.6,38.36
14400,294.6,38.53
14760,294.44,38.355
15120,296.855,38.185
15480,294.76,38.185
15840,294.44,38.275
16200,294.595,38.445
16560,294.44,38.27
16920,294.76,38.355
17280,294.44,36.28
17640,293.95,38.705
18000,294.44,40.27
18360,294.76,38.705
18720,294.44,38.62
19080,294.275,38.355
19440,294.44,38.445
19800,294.44,38.445
20160,294.44,38.62
20520,294.44,38.62
20880,294.44,38.36
21240,294.44,38.79
21600,294.275,38.62
21960,294.275,38.79
22320,294.44,38.62
22680,294.275,38.795
23040,294.92,38.705
23400,294.6,38.79
23760,294.275,38.615
24120,294.44,38.705
24480,294.44,38.53
24840,294.275,38.965
25200,294.92,38.705
25560,294.275,38.88
25920,294.275,38.53
26280,294.44,38.705
26640,294.275,38.79
27000,294.275,38.79
27360,294.275,38.62
27720,294.11,36.62
28080,294.11,40.61
28440,294.11,38.615
28800,294.595,38.705
29160,294.435,39.05
29520,294.755,39.05
29880,294.435,39.315
30240,294.44,39.315
30600,294.76,39.05
30960,296.21,39.05
31320,294.6,39.225
31680,294.44,39.135
32040,294.44,38.705
32400,294.44,38.965
32760,294.44,38.965
33120,294.6,39.055
33480,294.6,39.14
33840,294.44,39.14
34200,294.44,39.135
34560,294.6,39.485
34920,294.44,39.575
35280,294.6,39.395
35640,294.76,39.485
36000,294.76,39.66
36360,294.44,39.66
36720,294.76,39.745
37080,294.76,39.66
37440,294.6,39.575
37800,294.6,39.655
38160,294.76,37.49
38520,294.76,41.65
38880,294.76,39.575
39240,294.92,39.745
39600,294.6,40.005
39960,295.085,40.005
40320,294.6,39.745
40680,294.92,39.4
41040,294.76,39.485
41400,294.92,39.57
41760,294.92,39.31
42120,295.08,39.395
42480,294.92,39.225
42840,294.76,39.14
43200,294.6,39.135
43560,295.08,38.965
43920,294.92,38.965
44280,294.92,38.88
44640,294.6,38.705
45000,294.76,39.055
45360,294.92,38.705
45720,295.08,38.875
46080,295.245,38.62
46440,294.76,38.79
46800,294.76,39.055
47160,294.76,38.705
47520,295.24,38.88
47880,294.6,38.79
48240,294.76,37.14
48600,295.08,39.055
48960,294.76,41.13
49320,294.76,38.79
49680,294.76,39.05
50040,294.76,38.965
50400,294.44,38.88
50760,294.6,38.965
51120,294.76,39.14
51480,294.6,39.225
51840,294.6,39.395
52200,294.44,39.485
52560,294.92,39.485
52920,294.275,39.92
53280,296.37,39.92
53640,294.435,39.745
54000,294.275,39.915
54360,294.275,39.92
54720,294.275,40.09
55080,294.92,40.265
55440,294.275,40.35
55800,294.11,40.44
56160,294.11,40.61
56520,294.595,40.695
56880,294.275,41.045
57240,294.275,41.22
57600,293.95,41.48
57960,294.11,41.39
58320,294.44,41.39
58680,294.11,39.57
59040,293.95,41.655
59400,294.11,43.39
59760,294.275,42.26
60120,294.11,42.175
60480,293.95,42.435
60840,294.11,42.175
61200,294.11,42.26
61560,293.95,42.87
61920,293.95,42.695
62280,294.275,42.78
62640,296.37,42.605
63000,293.95,42.865
63360,293.95,43.04
63720,294.115,43.385
64080,293.95,43.21
64440,294.115,43.385
64800,293.95,43.39
65160,293.95,43.735
65520,296.045,43.735
65880,294.11,43.91
66240,293.95,43.735
66600,293.79,43.905
66960,293.79,44.425
67320,294.275,44.255
67680,293.95,44.255
68040,293.95,43.995
68400,293.95,44.255
68760,293.95,44.345
69120,294.11,43.04
69480,293.79,45.82
69840,294.275,44.43
70200,293.79,44.165
70560,293.95,44.425
70920,293.95,44.95
71280,293.95,44.515
71640,293.95,44.515
72000,293.79,44.515
72360,293.79,44.95
72720,293.95,44.6
73080,295.565,44.605
73440,293.95,44.6
73800,293.79,44.95
74160,294.11,44.69
74520,293.95,44.69
74880,293.95,44.69
75240,293.95,44.425
75600,293.79,45.035
75960,293.79,44.86
76320,293.95,45.12
76680,293.79,44.95
77040,293.79,45.035
77400,293.79,45.12
77760,293.79,45.125
78120,293.79,45.035
78480,293.95,44.775
78840,293.95,45.035
79200,293.79,43.56
79560,293.79,44.945
79920,294.44,47.2
80280,294.92,45.38
80640,294.115,45.38
81000,293.79,45.125
81360,293.79,45.38
81720,293.79,44.945
82080,294.115,45.035
82440,294.275,45.035
82800,293.79,45.385
83160,293.63,45.21
83520,293.79,45.12
83880,294.11,45.38
84240,293.79,45.47
84600,293.79,45.38
84960,293.79,45.47
85320,293.79,45.555
85680,293.79,45.38
86040,293.955,45.295
0,293.79,45.815
360,293.63,45.64
720,293.63,46.075
1080,294.435,45.905
1440,293.63,45.99
1800,293.63,45.99
2160,293.63,46.075
2520,293.79,46.335
2880,293.47,46.25
3240,293.47,44.6
3600,293.63,45.99
3960,293.79,47.72
4320,293.79,46.165
4680,293.63,46.335
5040,293.63,46.51
5400,293.47,46.425
5760,293.47,46.16
6120,293.47,46.245
6480,293.47,46.335
6840,293.79,46.42
7200,293.63,45.905
7560,293.63,46.075
7920,293.63,46.42
8280,293.79,46.335
8640,293.79,46.51
9000,293.47,46.51
9360,293.47,46.42
9720,293.47,46.245
10080,293.955,46.425
10440,293.63,46.16
10800,293.47,46.42
11160,293.47,46.505
11520,293.47,46.425
11880,293.63,46.51
12240,293.63,46.51
12600,293.47,46.68
12960,293.47,46.51
13320,293.63,46.425
13680,293.47,43.91
14040,293.15,49.46
14400,293.79,46.51
14760,293.47,46.68
15120,293.47,46.765
15480,293.47,46.68
15840,293.47,46.42
16200,293.47,46.245
16560,293.63,46.16
16920,293.63,46.335
17280,293.47,46.595
17640,293.31,46.68
18000,293.79,46.505
18360,293.47,46.77
18720,293.47,46.68
19080,293.47,46.425
19440,293.47,46.245
19800,293.31,46.68
20160,293.63,46.68
20520,293.47,46.335
20880,293.63,46.68
21240,293.15,46.42
21600,293.31,46.25
21960,293.15,46.42
22320,293.31,46.25
22680,293.47,46.16
23040,293.31,46.42
23400,293.47,46.245
23760,293.79,43.73
24120,293.63,45.99
24480,293.15,48.76
24840,293.79,45.99
25200,293.95,45.9
25560,293.31,45.99
25920,293.31,46.075
26280,293.47,45.9
26640,293.47,46.075
27000,293.31,45.99
27360,293.31,45.47
27720,293.47,45.47
28080,293.31,45.385
28440,293.47,45.64
28800,293.31,45.815
29160,293.31,45.645
29520,293.47,45.645
29880,294.275,45.64
30240,293.63,45.725
30600,293.47,45.645
30960,293.31,45.645
31320,293.31,45.64
31680,293.47,45.64
32040,293.63,45.385
32400,293.79,45.47
32760,293.47,45.38
33120,293.63,45.555
33480,293.47,45.465
33840,293.47,45.555
34200,293.47,43.04
34560,293.47,45.21
34920,293.47,47.9
35280,293.63,45.12
35640,293.63,45.295
36000,293.47,45.555
36360,293.63,45.125
36720,293.63,45.21
37080,294.115,45.12
37440,293.955,45.295
37800,293.79,45.035
38160,293.79,45.21
38520,293.63,45.295
38880,294.595,45.035
39240,293.79,45.12
39600,293.79,45.035
39960,293.79,45.125
40320,294.435,45.12
40680,293.95,45.125
41040,293.79,45.035
41400,293.79,45.12
41760,294.115,45.125
42120,294.6,44.95
42480,293.63,45.035
42840,293.79,44.775
43200,293.63,45.12
43560,293.63,45.47
43920,294.11,45.38
44280,296.05,45.295
44640,293.79,42.69
45000,293.79,47.72
45360,293.79,45.21
45720,293.79,45.295
46080,294.11,45.21
46440,293.95,45.47
46800,294.76,45.555
47160,293.95,45.38
47520,293.95,45.64
47880,294.11,45.645
48240,293.95,45.38
48600,294.115,45.9
48960,294.275,45.725
49320,293.95,45.64
49680,293.95,45.645
50040,293.95,46.165
50400,293.95,46.335
50760,293.95,46.075
51120,294.11,46.075
51480,294.11,46.075
51840,294.435,46.335
52200,294.11,46.335
52560,293.95,46.42
52920,293.95,46.245
53280,294.435,46.245
53640,293.95,46.245
54000,294.11,46.335
54360,294.11,46.25
54720,293.95,46.505
55080,294.11,44.25
55440,293.79,48.42
55800,293.95,46.075
56160,294.11,46.075
56520,294.11,46.16
56880,294.11,46.16
57240,294.11,46.075
57600,294.11,46.25
57960,294.11,46.075
58320,294.275,46.16
58680,294.11,46.075
59040,294.275,46.075
59400,294.435,45.985
59760,294.11,46.16
60120,294.11,46.16
60480,294.435,46.16
60840,293.95,46.25
61200,294.11,46.16
61560,294.6,46.165
61920,294.11,46.16
62280,294.11,46.51
62640,294.275,46.42
63000,294.11,46.165
63360,294.6,46.335
63720,294.11,46.51
64080,294.275,46.245
64440,294.11,46.51
64800,294.11,46.51
65160,295.08,44.08
65520,294.11,46.685
65880,294.11,49.11
66240,294.275,46.68
66600,294.275,46.51
66960,294.11,46.765
67320,294.275,46.595
67680,294.435,46.855
68040,294.44,46.595
68400,294.6,46.765
68760,294.275,46.685
69120,294.11,46.595
69480,294.435,46.68
69840,294.275,46.77
70200,294.11,47.115
70560,294.11,46.685
70920,294.435,46.855
71280,294.275,46.68
71640,294.11,47.025
72000,294.275,46.855
72360,294.11,46.77
72720,294.11,46.68
73080,294.11,46.77
73440,294.76,46.68
73800,294.11,46.595
74160,294.275,46.945
74520,294.435,46.77
74880,294.435,46.77
75240,294.44,46.77
75600,296.37,44.25
75960,294.76,49.11
76320,294.11,46.77
76680,294.11,46.855
77040,294.11,46.595
77400,294.92,46.595
77760,294.275,46.595
78120,294.275,47.03
78480,294.11,46.765
78840,294.435,46.77
79200,294.11,47.03
79560,294.11,46.855
79920,296.045,46.94
80280,294.11,47.115
80640,294.275,46.685
81000,294.275,46.94
81360,294.11,47.025
81720,294.435,46.685
82080,294.11,46.68
82440,294.11,47.025
82800,294.11,46.855
83160,294.275,46.94
83520,294.11,46.94
83880,294.275,46.595
84240,294.275,46.855
84600,294.11,46.855
84960,294.275,46.855
85320,294.11,46.94
85680,294.435,47.03
86040,294.11,44.95
0,294.11,49.28
360,294.6,46.945
720,294.275,47.025
1080,294.11,47.205
1440,294.44,47.115
1800,294.76,47.03
2160,294.435,47.205
2520,294.11,47.115
2880,294.275,47.29
3240,294.11,47.635
3600,294.11,47.465
3960,294.11,47.29
4320,294.11,47.635
4680,295.725,47.205
5040,294.11,47.635
5400,294.11,47.55
5760,294.11,47.55
6120,294.435,47.55
6480,293.95,47.55
6840,294.6,47.635
7200,295.08,47.81
7560,294.435,47.725
7920,294.11,47.81
8280,294.11,47.895
8640,294.11,47.895
9000,294.275,47.635
9360,293.95,47.725
9720,294.11,46.16
10080,294.11,47.98
10440,293.79,49.98
10800,294.11,48.07
11160,294.11,48.07
11520,294.275,47.98
11880,293.95,48.07
12240,294.275,48.245
12600,294.11,48.33
12960,293.95,48.42
13320,294.11,48.505
13680,293.95,48.245
14040,293.95,48.675
14400,293.79,48.59
14760,294.275,48.42
15120,294.11,48.505
15480,294.11,48.68
15840,293.95,48.59
16200,293.79,48.59
16560,293.95,48.85
16920,293.79,48.68
17280,293.79,49.025
17640,294.115,48.76
18000,294.275,48.5
18360,293.79,48.85
18720,294.115,48.59
19080,293.79,48.94
19440,293.79,49.11
19800,294.275,48.85
20160,293.79,47.2
20520,293.95,48.505
20880,293.79,50.84
21240,293.95,48.765
21600,293.79,48.68
21960,293.79,48.765
22320,293.79,48.675
22680,293.79,48.85
23040,294.115,48.85
23400,293.95,48.765
23760,294.115,48.68
24120,293.79,48.5
24480,293.79,48.33
24840,294.755,48.59
25200,293.95,48.59
25560,293.95,48.68
25920,293.79,48.675
26280,295.725,48.42
26640,294.275,48.68
27000,293.79,48.765
27360,293.95,48.765
27720,293.79,48.59
28080,293.95,48.505
28440,293.95,48.505
28800,294.11,48.765
29160,293.79,48.68
29520,293.63,48.24
29880,295.085,48.33
30240,294.275,48.415
30600,293.79,46.68
30960,293.79,50.67
31320,294.115,48.415
31680,293.95,48.33
32040,293.79,48.42
32400,293.79,48.415
32760,293.79,48.33
33120,293.95,48.5
33480,293.79,48.505
33840,293.95,48.415
34200,293.95,48.505
34560,295.24,48.33
34920,293.95,48.24
35280,293.95,48.42
35640,293.95,48.155
36000,293.79,48.505
36360,293.95,48.68
36720,294.115,48.68
37080,294.275,48.85
37440,293.79,48.59
37800,293.95,48.415
38160,293.79,48.85
38520,293.79,48.68
38880,293.95,48.59
39240,293.79,48.675
39600,294.44,48.5
39960,293.95,48.85
40320,293.79,48.59
40680,293.79,47.38
41040,294.76,48.675
41400,293.79,50.84
41760,294.275,49.025
42120,294.11,48.935
42480,293.79,48.85
42840,294.275,48.765
43200,293.95,48.85
43560,294.275,48.505
43920,296.21,48.59
44280,293.95,48.415
44640,294.11,48.59
45000,293.79,48.85
45360,293.79,48.505
45720,294.11,48.94
46080,294.11,48.765
46440,294.115,48.59
46800,294.275,48.935
47160,294.76,48.765
47520,294.275,48.675
47880,294.115,48.675
48240,293.95,48.85
48600,293.79,48.505
48960,293.95,48.76
49320,294.435,48.505
49680,294.275,48.94
50040,293.95,48.94
50400,293.95,48.59
50760,293.95,48.68
51120,294.11,46.51
51480,294.435,48.765
51840,293.79,51.19
52200,294.115,49.025
52560,293.79,48.505
52920,294.11,48.765
53280,294.11,48.675
53640,294.11,48.765
54000,294.275,48.94
54360,294.44,48.675
54720,294.11,49.11
55080,293.95,48.765
55440,294.435,48.59
55800,294.11,48.85
56160,293.95,48.59
56520,294.11,48.85
56880,293.95,48.765
57240,293.95,48.675
57600,294.11,48.765
57960,294.275,48.85
58320,294.11,48.765
58680,294.11,48.85
59040,294.435,48.675
59400,294.11,49.11
59760,294.275,48.85
60120,294.76,48.935
60480,294.11,48.94
60840,294.11,49.285
61200,294.11,49.2
61560,294.11,46.86
61920,294.11,51.02
62280,296.045,48.935
62640,294.44,48.85
63000,294.11,48.85
63360,294.11,49.115
63720,294.11,48.85
64080,294.11,48.765
64440,294.11,49.63
64800,294.11,49.285
65160,294.115,49.11
65520,294.275,48.85
65880,294.11,49.025
66240,294.435,49.025
66600,294.44,49.11
66960,294.275,49.115
67320,294.435,49.025
67680,294.275,49.2
68040,293.95,49.025
68400,294.11,48.94
68760,293.95,49.11
69120,294.435,49.025
69480,294.435,49.115
69840,294.275,48.94
70200,294.76,49.11
70560,294.595,49.115
70920,294.275,49.025
71280,294.11,49.2
71640,294.11,46.51
72000,294.11,49.11
72360,294.11,51.02
72720,294.11,48.85
73080,294.11,49.2
73440,293.95,49.025
73800,294.11,49.02
74160,294.435,49.2
74520,294.11,49.195
74880,294.11,48.935
75240,294.11,49.2
75600,294.11,49.285
75960,293.95,49.025
76320,294.595,48.85
76680,294.275,49.2
77040,294.275,49.11
77400,294.275,49.2
77760,294.275,49.11
78120,294.11,49.025
78480,294.435,48.94
78840,294.11,49.2
79200,294.11,49.37
79560,294.76,49.285
79920,293.95,49.11
80280,294.11,49.285
80640,294.435,49.285
81000,294.11,49.2
81360,294.275,49.2
81720,294.275,49.46
82080,294.11,46.86
82440,294.11,48.94
82800,294.44,51.19
83160,294.11,49.375
83520,294.11,49.2
83880,294.275,49.545
84240,293.95,49.46
84600,294.11,49.545
84960,294.11,49.11
85320,294.11,49.375
85680,293.95,49.285
86040,294.435,49.195
0,294.115,49.455
360,293.95,49.46
720,294.115,49.63
1080,293.95,49.805
1440,293.79,49.72
1800,294.115,49.545
2160,293.79,49.63
2520,293.95,49.46
2880,293.79,49.545
3240,294.275,49.455
3600,293.95,49.805
3960,294.275,49.89
4320,294.435,49.72
4680,294.11,49.805
5040,294.115,49.975
5400,294.275,49.805
5760,293.79,49.895
6120,294.44,48.07
6480,294.76,51.89
6840,296.695,49.98
7200,294.435,49.805
7560,293.79,49.975
7920,294.275,49.545
8280,293.79,49.635
8640,296.375,49.98
9000,293.95,50.155
9360,293.79,50.24
9720,293.79,49.975
10080,293.79,49.805
10440,293.95,50.325
10800,294.11,50.065
11160,293.95,49.98
11520,294.275,50.24
11880,294.115,50.065
12240,293.95,49.975
12600,293.95,50.065
12960,293.95,50.155
13320,293.79,50.325
13680,294.115,50.325
14040,294.275,50.155
14400,293.95,50.495
14760,294.115,50.24
15120,293.95,50.24
15480,293.95,50.41
15840,293.95,50.24
16200,294.115,50.5
16560,294.11,48.76
16920,293.79,52.23
17280,293.79,50.415
17640,293.95,50.67
18000,293.79,50.325
18360,293.95,50.5
18720,294.435,50.415
19080,293.95,50.67
19440,293.79,50.585
19800,294.11,50.235
20160,293.79,50.415
20520,293.95,50.5
20880,294.115,50.76
21240,294.92,50.585
21600,293.79,50.495
21960,294.11,50.5
22320,293.95,50.5
22680,294.755,50.325
23040,294.115,50.67
23400,293.79,50.67
23760,293.79,50.585
24120,293.95,50.495
24480,293.95,50.41
24840,293.79,50.495
25200,294.115,50.495
25560,293.79,50.235
25920,293.63,50.585
26280,293.95,50.845
26640,293.79,48.59
27000,293.79,50.67
27360,293.79,52.41
27720,293.79,50.755
28080,293.79,50.585
28440,293.95,50.67
28800,294.115,50.415
29160,293.79,50.76
29520,293.79,50.67
29880,293.79,51.02
30240,293.79,50.845
30600,293.95,50.76
30960,294.115,50.755
31320,296.21,50.845
31680,294.11,50.41
32040,296.21,51.975
32400,294.275,50.845
32760,294.435,50.755
33120,294.6,49.98
33480,294.44,50.155
33840,294.275,49.89
34200,294.435,49.98
34560,294.6,49.975
34920,294.435,49.98
35280,294.6,49.805
35640,294.6,49.715
36000,294.6,49.805
36360,294.6,49.72
36720,294.92,49.98
37080,295.08,47.38
37440,294.76,52.06
37800,294.92,49.46
38160,294.92,49.72
38520,294.92,49.805
38880,295.08,49.455
39240,295.245,49.72
39600,294.92,48.935
39960,294.92,49.11
40320,295.08,49.115
40680,296.05,48.94
41040,295.24,49.115
41400,295.24,49.025
41760,295.24,48.675
42120,295.405,48.855
42480,295.24,48.505
42840,295.405,48.94
43200,295.4,48.94
43560,295.4,48.675
43920,295.89,48.765
44280,295.24,48.85
44640,295.24,48.415
45000,295.405,48.16
45360,295.565,48.07
45720,295.565,47.375
46080,295.565,47.635
46440,295.565,48.505
46800,296.045,47.985
47160,295.73,48.16
47520,295.73,45.47
47880,295.4,50.67
48240,295.725,48.765
48600,296.21,48.33
48960,297.985,48.42
49320,295.89,48.07
49680,295.89,47.895
50040,296.21,48.155
50400,295.89,48.07
50760,295.89,48.42
51120,295.89,48.68
51480,296.05,48.765
51840,296.05,48.765
52200,295.73,48.59
52560,295.565,48.59
52920,295.89,48.765
53280,295.73,48.765
53640,296.37,48.505
54000,295.73,48.59
54360,295.89,48.07
54720,295.73,48.33
55080,295.725,48.155
55440,295.725,48.59
55800,296.855,48.59
56160,295.73,48.33
56520,295.565,48.245
56880,295.73,48.155
57240,296.05,48.33
57600,295.73,46.51
57960,295.73,48.245
58320,296.05,50.5
58680,295.73,48.07
59040,295.73,48.07
59400,295.89,47.985
59760,295.73,47.81
60120,296.05,48.33
60480,295.73,48.59
60840,295.89,47.635
61200,295.89,47.895
61560,296.535,47.9
61920,296.21,48.07
62280,295.89,48.42
62640,296.05,47.81
63000,296.855,47.635
63360,295.89,47.375
63720,296.37,47.81
64080,296.53,47.72
64440,296.21,47.725
64800,296.21,47.985
65160,296.05,47.895
65520,296.37,48.33
65880,296.695,48.155
66240,296.37,47.72
66600,296.21,47.465
66960,296.21,47.29
67320,296.05,47.46
67680,296.05,47.55
68040,297.02,45.12
68400,296.37,49.63
68760,296.05,47.205
69120,296.05,47.635
69480,296.21,47.2
69840,296.21,47.55
70200,298.145,47.29
70560,296.535,47.46
70920,296.37,47.2
71280,296.05,47.285
71640,296.05,47.2
72000,296.05,47.46
72360,295.89,47.38
72720,295.89,47.46
73080,295.73,47.55
73440,295.73,47.985
73800,295.73,47.725
74160,296.21,47.81
74520,295.565,48.16
74880,295.565,48.155
75240,296.53,48.07
75600,295.565,48.245
75960,295.4,48.07
76320,296.37,48.245
76680,295.405,47.895
77040,295.4,48.245
77400,296.53,48.07
77760,296.05,48.245
78120,295.4,48.07
78480,295.4,45.82
78840,295.08,50.15
79200,295.405,48.07
79560,295.24,48.07
79920,295.565,48.07
80280,295.4,48.415
80640,295.24,48.07
81000,295.565,48.33
81360,295.4,48.33
81720,295.24,48.33
82080,295.565,48.33
82440,295.725,48.33
82800,295.24,48.07
83160,295.08,48.155
83520,295.08,48.07
83880,295.24,48.245
84240,295.24,48.07
84600,295.08,48.07
84960,295.08,48.33
85320,295.565,48.155
85680,295.08,48.16
86040,296.05,48.33
0,295.08,48.07
360,295.24,48.07
720,295.405,48.33
1080,295.24,48.33
1440,295.08,48.07
1800,295.08,47.9
2160,295.4,45.99
2520,295.405,47.895
2880,295.08,49.98
3240,295.405,48.24
3600,295.08,47.895
3960,297.34,48.245
4320,295.24,48.07
4680,295.405,48.07
5040,295.08,48.155
5400,295.08,48.155
5760,295.08,48.33
6120,295.24,48.33
6480,295.725,48.07
6840,295.08,48.42
7200,295.08,47.985
7560,295.08,48.33
7920,295.08,48.24
8280,295.08,48.07
8640,295.08,48.245
9000,295.08,48.07
9360,295.08,47.985
9720,295.24,48.24
10080,295.08,48.245
10440,295.245,48.07
10800,295.24,48.07
11160,294.92,48.33
11520,295.08,48.16
11880,295.24,48.245
12240,295.24,48.33
12600,295.08,46.51
12960,295.08,48.505
13320,294.76,49.98
13680,294.76,47.985
14040,294.92,48.505
14400,294.92,48.505
14760,294.92,48.33
15120,295.24,48.5
15480,295.89,48.5
15840,294.76,48.415
16200,295.08,48.675
16560,294.76,48.415
16920,294.92,48.59
17280,295.24,48.42
17640,294.92,48.33
18000,294.92,48.5
18360,295.24,48.42
18720,295.245,48.42
19080,295.08,48.59
19440,295.24,48.59
19800,294.92,48.505
20160,295.24,48.505
20520,295.08,48.935
20880,294.92,48.675
21240,294.92,48.68
21600,295.245,48.76
21960,295.08,49.025
22320,294.92,49.115
22680,296.695,49.025
23040,294.76,47.03
23400,294.76,51.54
23760,295.08,48.94
24120,294.76,48.94
24480,294.6,49.025
24840,295.4,49.46
25200,294.6,49.2
25560,294.76,49.285
25920,295.08,49.285
26280,294.76,49.37
26640,295.405,49.455
27000,294.92,49.37
27360,294.92,49.455
27720,294.76,49.375
28080,295.08,49.375
28440,294.92,49.545
28800,294.76,49.895
29160,294.76,49.72
29520,294.92,50.065
29880,294.92,49.805
30240,295.405,49.805
30600,295.08,49.72
30960,295.24,49.895
31320,295.565,49.545
31680,295.08,49.63
32040,295.405,49.63
32400,295.565,49.72
32760,295.08,50.065
33120,295.4,47.72
33480,295.08,49.715
33840,295.08,52.06
34200,295.24,49.635
34560,295.885,49.545
34920,295.4,49.11
35280,295.73,49.46
35640,295.565,50.065
36000,295.565,49.72
36360,295.885,49.72
36720,295.565,49.545
37080,295.565,50.155
37440,295.565,49.89
37800,295.565,49.895
38160,295.885,49.98
38520,295.565,50.15
38880,295.89,50.155
39240,295.89,49.805
39600,295.565,50.065
39960,295.89,49.895
40320,295.73,49.98
40680,295.89,50.67
41040,295.89,50.325
41400,295.73,50.15
41760,295.89,50.235
42120,296.37,50.415
42480,296.05,50.065
42840,295.89,50.5
43200,296.05,50.065
43560,296.05,47.72
43920,296.05,49.805
44280,296.37,52.23
44640,296.37,49.895
45000,296.21,50.15
45360,296.37,50.15
45720,296.21,50.67
46080,296.05,50.41
46440,296.37,50.065
46800,296.535,50.155
47160,296.37,49.89
47520,296.21,50.155
47880,296.05,50.325
48240,296.21,50.5
48600,296.21,50.5
48960,296.21,50.675
49320,296.21,50.845
49680,296.21,50.495
50040,296.53,50.5
50400,296.53,50.155
50760,296.37,50.15
51120,296.37,50.24
51480,296.53,50.845
51840,296.21,50.325
52200,297.02,50.585
52560,297.5,50.5
52920,297.02,50.065
53280,296.69,50.24
53640,296.695,49.98
54000,297.02,47.55
54360,296.69,52.93
54720,296.855,50.24
55080,297.175,50.325
55440,297.02,50.235
55800,297.175,50.24
56160,297.015,50.325
56520,297.18,50.15
56880,297.015,49.545
57240,297.18,49.72
57600,297.015,49.805
57960,297.02,49.545
58320,297.18,49.72
58680,297.18,49.715
59040,297.18,49.545
59400,297.02,49.545
59760,296.855,49.545
60120,297.34,49.895
60480,297.02,50.155
60840,296.855,49.98
61200,297.34,49.37
61560,297.015,49.635
61920,297.66,49.285
62280,297.34,48.85
62640,297.18,48.765
63000,297.18,48.59
63360,297.665,48.33
63720,297.34,48.33
64080,297.34,48.42
64440,298.31,46.51
64800,297.02,51.02
65160,297.825,49.025
65520,297.18,49.285
65880,297.66,48.505
66240,297.34,48.415
66600,297.5,47.81
66960,297.665,48.245
67320,297.5,47.725
67680,297.5,48.07
68040,297.985,48.155
68400,297.34,48.155
68760,297.34,48.33
69120,297.18,48.415
69480,297.5,48.59
69840,297.18,48.5
70200,297.34,48.505
70560,297.18,48.59
70920,297.985,48.765
71280,297.34,48.76
71640,297.5,49.115
72000,297.18,49.025
72360,297.02,49.2
72720,296.855,49.285
73080,297.18,49.46
73440,296.855,49.46
73800,296.855,49.545
74160,296.69,49.545
74520,296.69,47.03
74880,297.015,49.63
75240,297.34,52.41
75600,296.53,49.63
75960,296.695,49.63
76320,296.53,49.72
76680,296.53,49.975
77040,298.63,50.155
77400,296.37,49.98
77760,296.37,49.89
78120,296.37,50.41
78480,297.175,49.89
78840,296.695,50.41
79200,296.37,50.325
79560,296.53,50.325
79920,296.21,50.495
80280,296.21,50.415
80640,296.21,50.325
81000,296.21,50.585
81360,296.21,50.155
81720,296.21,50.495
82080,296.21,50.585
82440,296.37,50.325
82800,296.21,50.675
83160,296.21,50.585
83520,297.66,50.585
83880,296.53,50.495
84240,296.53,50.76
84600,296.37,50.67
84960,296.05,48.42
85320,296.05,52.58
85680,296.37,50.5
86040,296.05,50.585
0,296.37,50.76
360,296.37,50.76
720,296.05,50.755
1080,296.21,50.93
1440,296.21,50.495
1800,295.89,50.495
2160,295.89,50.67
2520,295.89,50.585
2880,296.21,50.845
3240,295.73,50.67
3600,296.37,50.585
3960,296.21,50.755
4320,295.89,50.67
4680,295.725,51.105
5040,295.89,51.105
5400,296.21,50.845
5760,296.05,51.02
6120,295.89,51.015
6480,295.73,50.845
6840,295.89,51.195
7200,296.21,51.105
7560,297.665,51.105
7920,295.89,51.105
8280,296.05,51.365
8640,295.73,51.365
9000,296.05,48.76
9360,295.73,53.45
9720,296.05,51.105
10080,295.73,51.275
10440,295.73,51.105
10800,296.05,51.28
11160,295.73,51.105
11520,295.73,51.19
11880,295.73,51.28
12240,295.73,51.19
12600,295.89,51.365
12960,296.05,51.28
13320,295.73,51.455
13680,296.05,51.195
14040,295.73,51.275
14400,295.73,51.28
14760,296.05,51.365
15120,296.05,51.45
15480,295.73,51.625
15840,295.565,51.715
16200,295.73,51.885
16560,295.565,51.625
16920,295.89,51.71
17280,295.73,51.365
17640,295.89,51.625
18000,296.05,51.97
18360,295.73,51.54
18720,295.89,51.8
19080,295.73,49.63
19440,296.05,52.055
19800,295.73,54.31
20160,295.89,51.795
20520,296.21,51.71
20880,295.73,51.885
21240,295.89,51.71
21600,295.565,51.885
21960,295.89,51.8
22320,295.89,51.885
22680,295.73,51.885
23040,295.73,52.145
23400,295.73,51.975
23760,295.565,52.145
24120,295.565,51.975
24480,295.565,52.235
24840,296.21,52.495
25200,297.5,52.495
25560,295.4,52.06
25920,295.4,52.32
26280,295.565,52.145
26640,296.05,52.145
27000,295.73,52.32
27360,295.89,51.97
27720,295.89,52.405
28080,295.565,52.405
28440,295.73,52.145
28800,295.89,51.54
29160,295.73,51.625
29520,295.73,49.46
29880,295.73,54.14
30240,296.05,52.055
30600,295.89,52.32
30960,296.05,52.145
31320,296.05,52.055
31680,296.37,52.23
32040,296.21,52.145
32400,296.53,52.405
32760,296.37,53.095
33120,296.37,51.97
33480,296.21,52.32
33840,296.21,52.49
34200,296.37,52.06
34560,296.21,52.405
34920,296.37,52.58
35280,296.695,52.49
35640,296.53,52.405
36000,296.53,52.32
36360,296.53,52.32
36720,296.53,52.315
37080,297.18,51.885
37440,296.855,52.145
37800,296.855,52.235
38160,296.855,52.06
38520,297.175,51.975
38880,296.855,52.06
39240,297.18,52.23
39600,297.015,51.8
39960,297.02,49.8
40320,296.69,54.66
40680,296.855,52.405
41040,296.855,51.885
41400,297.175,51.535
41760,297.015,51.8
42120,297.34,51.71
42480,297.5,51.625
42840,297.34,51.19
43200,297.34,51.015
43560,297.34,50.845
43920,297.18,50.845
44280,297.18,51.19
44640,297.34,50.935
45000,297.5,50.41
45360,297.665,50.5
45720,297.5,50.15
46080,297.66,50.415
46440,297.5,50.155
46800,297.5,49.89
47160,297.5,49.98
47520,297.825,49.715
47880,297.66,49.11
48240,297.825,48.505
48600,297.66,48.505
48960,298.625,47.725
49320,297.82,47.46
49680,298.145,47.635
50040,298.31,44.43
50400,299.11,47.375
50760,297.66,50.15
51120,298.63,47.115
51480,298.63,46.505
51840,298.305,46.425
52200,298.305,46.855
52560,298.63,46.94
52920,298.145,47.29
53280,298.955,47.465
53640,298.465,47.115
54000,298.79,47.29
54360,298.465,47.2
54720,298.465,47.55
55080,298.305,47.635
55440,298.465,46.335
55800,298.305,46.075
56160,298.79,46.075
56520,298.47,45.815
56880,298.145,46.945
57240,298.79,47.115
57600,298.145,47.2
57960,298.305,47.635
58320,298.145,47.635
58680,297.98,48.59
59040,297.985,48.76
59400,297.82,48.59
59760,298.79,49.285
60120,297.98,49.11
60480,298.63,46.34
60840,298.79,47.55
61200,297.98,48.76
61560,298.145,47.46
61920,298.47,48.155
62280,297.98,48.155
62640,298.305,47.29
63000,297.98,48.155
63360,298.63,48.5
63720,297.985,46.855
64080,298.145,47.55
64440,298.47,45.99
64800,299.11,45.9
65160,298.465,45.555
65520,298.465,44.95
65880,298.145,45.47
66240,298.145,45.38
66600,298.47,45.9
66960,298.145,46.595
67320,298.145,46.505
67680,298.305,46.42
68040,298.465,46.425
68400,298.63,46.68
68760,297.98,46.855
69120,298.145,47.2
69480,297.98,47.2
69840,299.435,47.375
70200,300.24,47.55
70560,297.98,48.07
70920,297.98,45.99
71280,297.98,50.32
71640,297.98,47.895
72000,297.82,48.245
72360,297.985,48.07
72720,297.985,48.415
73080,297.82,48.415
73440,297.66,48.415
73800,297.985,48.505
74160,297.5,48.16
74520,297.5,48.505
74880,297.66,48.675
75240,297.5,48.59
75600,297.5,48.85
75960,297.5,48.68
76320,297.5,48.59
76680,297.5,48.59
77040,297.34,49.025
77400,297.66,48.59
77760,297.34,49.025
78120,297.5,49.025
78480,297.5,48.765
78840,297.82,48.935
79200,297.34,48.85
79560,297.66,48.85
79920,297.34,48.935
80280,297.18,48.935
80640,297.18,48.85
81000,297.34,46.68
81360,297.18,48.85
81720,297.02,51.37
82080,297.825,48.68
82440,297.5,48.94
82800,297.18,49.025
83160,297.02,49.025
83520,297.5,49.025
83880,297.02,48.85
84240,297.665,48.94
84600,297.335,48.85
84960,297.02,48.765
85320,297.02,48.675
85680,297.34,49.025
86040,297.02,49.025
0,297.34,48.505
360,297.02,48.68
720,297.18,48.42
1080,296.855,48.505
1440,297.18,48.33
1800,296.855,48.505
2160,296.855,48.505
2520,296.855,48.675
2880,297.015,48.16
3240,296.855,48.245
3600,297.175,48.33
3960,296.855,48.33
4320,297.5,48.245
4680,296.855,48.07
5040,296.69,45.99
5400,296.855,47.81
5760,296.69,50.5
6120,296.69,47.895
6480,296.855,47.81
6840,297.175,48.16
7200,297.015,47.895
7560,296.69,47.81
7920,296.69,48.155
8280,296.69,47.98
8640,296.69,47.81
9000,296.69,48.16
9360,296.69,47.985
9720,296.69,47.985
10080,296.53,48.07
10440,296.69,47.81
10800,296.69,48.07
11160,296.69,47.55
11520,296.53,47.81
11880,296.69,47.81
12240,297.015,47.81
12600,296.855,47.81
12960,296.37,48.07
13320,296.53,47.985
13680,296.53,47.635
14040,298.47,47.55
14400,296.53,47.81
14760,296.53,47.81
15120,296.37,47.725
15480,296.37,45.99
15840,296.37,50.15
16200,296.37,47.985
16560,297.34,47.985
16920,296.53,47.725
17280,296.37,47.895
17640,296.855,47.9
18000,296.37,47.725
18360,296.37,47.81
18720,296.53,47.55
19080,296.37,47.465
19440,296.37,47.55
19800,296.855,47.635
20160,296.37,47.635
20520,296.37,47.38
20880,296.21,47.46
21240,296.37,47.38
21600,296.53,47.115
21960,296.21,47.025
22320,296.21,47.03
22680,296.21,47.115
23040,296.37,46.94
23400,296.21,46.855
23760,296.21,46.94
24120,296.37,46.77
24480,296.05,46.945
24840,296.535,46.94
25200,296.05,46.94
25560,296.21,47.115
25920,296.37,44.6
26280,296.05,49.11
26640,296.05,47.115
27000,296.05,46.77
27360,296.05,46.505
27720,296.37,46.075
28080,296.05,46.425
28440,296.21,45.64
28800,296.37,45.645
29160,296.855,46.075
29520,296.37,45.64
29880,296.21,45.47
30240,296.53,44.69
30600,296.53,44.085
30960,296.53,43.905
31320,297.015,44.08
31680,296.855,44.43
32040,296.37,44.515
32400,296.37,44.34
32760,296.695,44.255
33120,296.53,44.6
33480,296.53,44.6
33840,296.69,44.605
34200,296.69,44.515
34560,296.53,44.865
34920,297.02,45.035
35280,296.69,45.555
35640,297.18,45.725
36000,297.34,43.73
36360,297.015,46.165
36720,297.02,48.59
37080,297.18,45.64
37440,297.18,46.25
37800,297.66,46.51
38160,298.31,46.595
38520,297.34,46.855
38880,297.5,46.685
39240,297.5,46.425
39600,297.5,46.51
39960,297.82,46.77
40320,297.5,46.945
40680,297.66,47.2
41040,299.435,47.29
41400,297.66,47.29
41760,298.95,47.55
42120,297.5,47.465
42480,297.66,47.55
42840,297.66,48.07
43200,297.825,47.55
43560,297.82,47.375
43920,297.66,47.55
44280,297.98,47.46
44640,297.985,47.29
45000,298.465,46.855
45360,298.305,46.335
45720,298.79,46.335
46080,298.305,46.42
46440,299.27,44.08
46800,298.31,49.28
47160,298.145,47.2
47520,297.985,47.115
47880,298.145,46.77
48240,298.145,47.025
48600,298.305,46.945
48960,298.79,46.42
49320,298.145,46.25
49680,299.435,46.595
50040,298.145,46.075
50400,298.145,46.25
50760,298.305,45.99
51120,297.98,46.86
51480,298.95,45.205
51840,299.115,45.21
52200,299.115,44.34
52560,299.115,44.6
52920,299.435,44.08
53280,299.115,43.65
53640,299.275,44.085
54000,299.115,43.56
54360,298.95,43.65
54720,299.11,43.475
55080,299.275,43.215
55440,298.95,43.215
55800,298.95,43.91
56160,298.79,44.165
56520,299.11,44.345
56880,299.6,40.27
57240,298.63,44.95
57600,299.11,43.39
57960,299.275,42.52
58320,299.11,42.35
58680,299.595,42.345
59040,298.79,42.695
59400,298.95,42.26
59760,299.27,43.04
60120,298.79,42.605
60480,298.79,42.78
60840,298.95,42.87
61200,298.79,43.39
61560,298.79,43.65
61920,298.79,43.825
62280,298.955,43.905
62640,298.79,43.215
63000,298.95,43.13
63360,299.275,42.955
63720,298.95,43.39
64080,298.63,43.305
64440,298.95,42.52
64800,299.11,42.175
65160,298.95,42.865
65520,299.115,43.305
65880,299.11,42.87
66240,298.63,42.43
66600,299.115,42.695
66960,299.27,39.92
67320,298.79,42.605
67680,298.63,45.12
68040,300.725,42.78
68400,298.95,43.475
68760,298.79,43.56
69120,298.79,43.565
69480,298.79,43.825
69840,298.63,43.56
70200,298.63,43.825
70560,298.63,43.735
70920,298.79,43.475
71280,298.47,43.735
71640,299.11,44.08
72000,298.95,43.735
72360,298.79,43.475
72720,298.63,43.215
73080,298.79,43.39
73440,298.31,43.82
73800,298.63,44.165
74160,298.145,44.515
74520,298.145,44.425
74880,298.145,44.69
75240,298.31,44.6
75600,298.31,44.685
75960,298.145,44.865
76320,298.305,44.69
76680,298.145,44.86
77040,300.08,45.12
77400,297.98,42.87
77760,297.66,47.38
78120,297.985,45.295
78480,297.82,45.555
78840,298.47,45.295
79200,297.66,45.295
79560,297.82,45.64
79920,298.305,45.38
80280,297.98,45.64
80640,297.82,45.47
81000,297.66,45.73
81360,297.82,45.465
81720,297.66,45.73
82080,298.145,45.73
82440,298.465,45.64
82800,297.82,45.725
83160,298.145,45.815
83520,297.98,45.985
83880,298.145,45.9
84240,297.82,45.9
84600,297.66,45.985
84960,297.66,45.815
85320,297.5,45.9
85680,297.5,45.905
86040,297.5,45.9
0,297.66,45.9
360,299.595,45.73
720,297.5,45.9
1080,297.5,45.725
1440,297.34,43.39
1800,297.34,47.9
2160,297.5,45.815
2520,297.82,45.9
2880,297.66,45.73
3240,297.5,45.815
3600,297.82,45.815
3960,297.825,45.905
4320,297.66,46.16
4680,297.66,46.25
5040,297.825,45.905
5400,297.34,46.165
5760,297.66,45.99
6120,297.5,46.075
6480,297.34,46.25
6840,297.34,46.42
7200,297.66,46.245
7560,297.34,45.99
7920,297.5,46.335
8280,297.34,46.42
8640,297.66,46.075
9000,297.34,45.985
9360,297.34,46.25
9720,297.34,46.335
10080,297.34,46.25
10440,297.34,46.245
10800,297.34,46.25
11160,297.34,46.335
11520,297.34,43.91
11880,297.34,46.16
12240,301.85,48.24
12600,297.18,46.335
12960,299.755,46.16
13320,297.66,46.245
13680,299.435,46.165
14040,297.18,46.42
14400,297.34,46.335
14760,297.02,45.985
15120,297.18,46.075
15480,297.5,46.075
15840,297.18,45.99
16200,297.18,45.985
16560,297.34,46.165
16920,297.02,45.9
17280,297.18,45.815
17640,297.02,45.9
18000,297.02,45.73
18360,297.02,45.64
18720,297.18,45.64
19080,297.34,45.815
19440,297.02,45.815
19800,297.18,45.815
20160,297.02,45.64
20520,297.18,45.725
20880,297.66,45.73
21240,297.02,45.555
21600,297.02,45.555
21960,297.02,43.21
22320,297.02,45.38
22680,297.02,47.9
23040,297.66,45.38
23400,296.855,45.385
23760,296.855,45.64
24120,297.34,45.295
24480,296.69,45.47
24840,296.855,45.21
25200,296.855,45.385
25560,297.015,45.125
25920,297.015,45.47
26280,297.02,45.035
26640,296.855,45.125
27000,297.015,45.125
27360,296.69,45.38
27720,297.015,44.86
28080,297.5,44.86
28440,296.855,45.035
28800,297.015,45.125
29160,297.18,44.86
29520,297.18,45.035
29880,297.34,45.21
30240,297.02,44.865
30600,297.02,44.775
30960,297.02,44.605
31320,297.18,44.255
31680,297.18,44.255
32040,297.02,43.905
32400,297.02,42
32760,297.34,46.16
33120,297.34,44.17
33480,297.18,44.255
33840,297.18,44.34
34200,297.34,42.35
34560,297.02,44.605
34920,297.66,44.865
35280,297.02,45.035
35640,297.34,44.515
36000,297.985,44.08
36360,297.5,44.08
36720,297.66,43.82
37080,297.5,43.735
37440,298.145,43.475
37800,298.145,43.565
38160,298.145,43.995
38520,297.66,43.475
38880,297.985,43.56
39240,300.08,43.3
39600,297.66,43.475
39960,297.985,43.125
40320,297.82,42.955
40680,298.145,42.785
41040,297.82,42.955
41400,298.305,43.13
41760,298.145,43.56
42120,298.145,43.215
42480,298.31,41.65
42840,298.305,43.735
43200,297.98,45.82
43560,298.305,43.735
43920,298.625,43.56
44280,298.145,42.695
44640,300.08,42.175
45000,298.47,42
45360,298.47,42.17
45720,298.465,42.26
46080,298.79,42.605
46440,298.63,42.435
46800,298.47,42.345
47160,298.31,43.045
47520,299.11,42.695
47880,298.47,42.695
48240,298.79,42.52
48600,298.305,42.955
48960,298.79,42.175
49320,298.63,40.44
49680,298.63,40.265
50040,298.63,40.44
50400,298.79,41.48
50760,299.11,41.74
51120,299.435,41.915
51480,298.79,41.39
51840,298.955,40.7
52200,298.79,41.22
52560,298.79,40.61
52920,298.63,38.36
53280,298.79,41.48
53640,298.31,44.08
54000,298.79,41.13
54360,298.79,40.44
54720,300.565,40.175
55080,299.435,39.575
55440,298.95,39.4
55800,299.275,39.31
56160,299.435,38.79
56520,299.115,39.14
56880,299.11,39.745
57240,299.595,39.92
57600,298.95,40.09
57960,299.27,40.44
58320,299.11,39.135
58680,299.11,38.875
59040,299.11,38.88
59400,299.11,38.53
59760,299.11,38.965
60120,299.11,38.01
60480,299.275,37.755
60840,299.11,37.665
61200,298.95,37.665
61560,299.275,37.49
61920,299.11,38.095
62280,299.275,38.445
62640,299.595,38.965
63000,298.95,38.705
63360,299.6,35.93
63720,298.95,40.96
64080,298.79,39.135
64440,298.95,40.09
64800,298.95,40.265
65160,299.11,40.435
65520,298.79,40.7
65880,299.92,40.785
66240,299.11,41.045
66600,299.115,40.96
66960,299.275,41.74
67320,299.11,42.175
67680,299.11,42.435
68040,299.11,42.345
68400,298.95,42.87
68760,299.275,42.865
69120,298.79,43.215
69480,299.11,43.385
69840,299.27,43.825
70200,298.95,43.825
70560,298.95,43.995
70920,299.275,44.085
71280,299.275,44.08
71640,298.79,43.995
72000,298.79,44.255
72360,298.79,44.34
72720,298.955,44.69
73080,298.47,44.69
73440,298.47,44.605
73800,298.31,42.35
74160,298.63,47.2
74520,298.47,44.6
74880,298.31,44.95
75240,298.145,44.86
75600,298.305,44.775
75960,298.47,45.035
76320,298.145,45.125
76680,298.31,45.21
77040,298.145,45.21
77400,298.145,44.86
77760,297.98,45.12
78120,298.31,44.86
78480,297.98,45.21
78840,297.82,44.95
79200,297.98,45.035
79560,297.82,44.945
79920,298.145,45.125
80280,298.625,45.21
80640,297.82,45.205
81000,297.985,45.295
81360,297.82,45.38
81720,297.82,45.385
82080,298.31,45.47
82440,297.98,45.64
82800,297.82,45.385
83160,298.145,45.555
83520,297.66,45.47
83880,297.66,43.21
84240,297.66,45.73
84600,297.66,47.72
84960,297.82,45.47
85320,297.66,45.725
85680,297.5,45.725
86040,297.985,45.645
0,297.66,45.64
360,297.66,45.465
720,298.305,45.64
1080,297.66,45.645
1440,298.145,45.645
1800,297.82,45.38
2160,297.66,45.555
2520,297.5,45.645
2880,297.66,45.645
3240,297.66,45.385
3600,297.825,45.555
3960,297.5,45.385
4320,299.755,45.295
4680,297.825,45.12
5040,297.5,45.38
5400,297.66,45.035
5760,297.66,45.035
6120,297.34,45.12
6480,297.5,44.95
6840,297.34,44.865
7200,297.825,44.685
7560,297.5,44.865
7920,297.34,42.69
8280,297.98,47.03
8640,297.34,44.515
9000,297.34,44.69
9360,297.5,44.515
9720,299.27,44.515
10080,297.5,44.255
10440,298.145,44.08
10800,297.34,43.995
11160,297.34,44.17
11520,297.34,43.995
11880,297.34,44.08
12240,297.18,43.995
12600,297.5,43.65
12960,297.02,43.905
13320,297.18,43.905
13680,297.34,43.995
14040,298.79,43.645
14400,297.02,43.56
14760,297.34,43.475
15120,297.02,43.475
15480,297.02,43.045
15840,297.18,43.385
16200,297.02,43.13
16560,297.02,43.04
16920,297.02,42.865
17280,297.02,42.865
17640,297.02,42.78
18000,297.015,42.87
18360,297.02,40.79
18720,297.34,45.12
19080,297.18,42.605
19440,296.855,42.69
19800,296.855,42.605
20160,297.02,42.87
20520,297.34,43.045
20880,296.855,42.87
21240,297.34,42.865
21600,296.855,43.04
21960,296.69,43.13
22320,297.34,42.605
22680,297.175,43.04
23040,297.02,42.87
23400,296.855,42.865
23760,296.855,42.695
24120,297.02,42.865
24480,297.015,42.865
24840,296.53,42.955
25200,297.015,42.955
25560,297.18,42.865
25920,297.02,43.125
26280,296.69,42.955
26640,296.855,43.04
27000,296.69,43.3
27360,297.02,42.78
27720,297.02,42.605
28080,296.69,42.955
28440,296.69,40.61
28800,297.5,42.78
29160,298.63,44.95
29520,296.855,43.215
29880,296.855,42.87
30240,297.02,43.475
30600,297.5,42.87
30960,296.855,43.215
31320,297.18,42.955
31680,297.18,43.3
32040,297.02,42.78
32400,297.02,43.215
32760,297.18,42.865
33120,297.02,42.695
33480,297.18,42.52
33840,297.02,42.605
34200,296.855,42.345
34560,297.18,42.695
34920,297.34,42.605
35280,297.02,42.52
35640,296.855,42.175
36000,297.02,42.345
36360,297.02,42.085
36720,297.02,42
37080,297.18,42
37440,297.02,42.175
37800,297.5,42.085
38160,297.34,41.825
38520,297.02,42.175
38880,297.02,39.92
39240,297.02,44.6
39600,297.18,42.52
39960,297.5,42.43
40320,297.18,42.605
40680,297.18,42.43
41040,297.02,42.43
41400,297.02,42.435
41760,298.305,42.43
42120,297.5,42.085
42480,298.79,42.26
42840,297.5,42.345
43200,297.34,42.52
43560,297.18,42.26
43920,297.18,42.695
44280,297.18,42.78
44640,297.02,42.175
45000,297.82,42.605
45360,297.34,42.605
45720,297.34,42.61
46080,297.66,42.345
46440,297.34,42.43
46800,299.115,42.695
47160,297.34,42.345
47520,297.66,42.43
47880,297.34,42.865
48240,297.34,42.78
48600,297.34,42.52
48960,297.5,42.695
49320,297.98,40.44
49680,301.21,45.12
50040,297.985,42.695
50400,297.5,42.43
50760,297.66,41.135
51120,297.82,40.525
51480,297.66,40.355
51840,297.985,40.785
52200,297.66,40.955
52560,297.82,40.785
52920,298.465,40.7
53280,297.66,40.87
53640,298.145,41.22
54000,297.985,41.22
54360,297.98,41.135
54720,297.82,41.045
55080,297.82,40.7
55440,298.79,41.48
55800,297.82,41.565
56160,297.82,41.65
56520,297.98,41.39
56880,298.145,41.655
57240,297.82,41.655
57600,297.82,42
57960,297.82,42.085
58320,298.305,42
58680,298.145,42.52
59040,298.95,42.61
59400,297.98,40.44
59760,297.82,42.78
60120,297.66,44.95
60480,297.82,42.345
60840,297.82,42.78
61200,298.305,42.435
61560,298.305,42.52
61920,297.98,42.26
62280,297.82,42.35
62640,298.305,42.695
63000,297.98,42.61
63360,297.98,42.435
63720,297.98,42.52
64080,297.82,42.43
64440,299.755,42.435
64800,297.98,42.345
65160,297.98,42.695
65520,298.305,41.915
65880,297.82,42.26
66240,297.82,42.69
66600,297.82,42.605
66960,298.145,42.43
67320,297.82,42.87
67680,297.66,42.435
68040,297.985,42.43
68400,300.08,42.605
68760,297.82,42.605
69120,298.145,42.605
69480,298.145,41.915
69840,297.66,39.57
70200,299.915,41.915
70560,297.66,43.56
70920,297.985,41.91
71280,297.66,41.565
71640,297.98,41.565
72000,297.66,41.48
72360,297.985,41.135
72720,297.66,41.305
73080,297.66,41.305
73440,297.66,41.13
73800,297.66,40.96
74160,297.82,41.215
74520,297.82,40.955
74880,297.66,40.96
75240,297.66,40.525
75600,297.66,40.525
75960,297.82,40.7
76320,297.66,40.87
76680,297.82,40.61
77040,297.66,40.875
77400,299.595,40.785
77760,297.82,40.7
78120,297.5,40.955
78480,297.5,40.7
78840,297.66,40.44
79200,297.66,40.18
79560,297.985,40.005
79920,297.985,40.35
80280,297.66,37.66
80640,297.34,42.35
81000,297.5,39.66
81360,297.5,39.835
81720,297.82,39.745
82080,297.66,39.66
82440,297.5,39.57
82800,297.5,39.395
83160,297.34,39.05
83520,297.825,39.05
83880,297.82,38.79
84240,299.435,38.88
84600,297.5,38.615
84960,297.34,38.62
85320,297.5,38.275
85680,297.34,38.445
86040,297.985,38.015
0,297.5,38.1
360,297.5,38.1
720,297.34,38.185
1080,297.66,37.925
1440,297.66,37.835
1800,297.34,37.75
2160,297.34,37.665
2520,297.5,37.315
2880,297.34,37.145
3240,298.31,37.235
3600,297.18,37.405
3960,297.66,34.54
4320,297.34,36.535
4680,297.34,39.57
5040,297.34,36.8
5400,297.34,36.885
5760,297.34,36.71
6120,299.435,36.19
6480,297.5,36.365
6840,297.18,36.45
7200,297.18,36.535
7560,297.18,36.105
7920,297.66,35.76
8280,297.34,35.755
8640,298.955,36.105
9000,297.825,35.93
9360,297.18,35.67
9720,297.18,35.67
10080,297.02,36.015
10440,297.18,36.015
10800,297.34,35.845
11160,297.02,35.585
11520,297.02,35.67
11880,297.34,35.755
12240,297.02,35.585
12600,297.18,35.235
12960,297.18,35.405
13320,297.34,35.58
13680,297.02,35.41
14040,297.18,35.15
14400,297.02,32.81
14760,297.18,35.15
15120,297.02,37.32
15480,297.34,34.715
15840,297.02,31.94
16200,297.34,34.455
16560,297.02,34.89
16920,297.02,34.8
17280,297.34,34.285
17640,297.015,34.455
18000,297.02,34.285
18360,297.18,34.37
18720,297.18,34.455
19080,297.015,34.195
19440,296.855,34.37
19800,297.02,34.545
20160,296.855,33.935
20520,297.18,34.37
20880,297.02,34.11
21240,297.175,34.11
21600,297.02,33.85
21960,296.855,33.85
22320,297.18,33.505
22680,296.69,34.02
23040,296.69,33.935
23400,296.69,33.85
23760,296.69,33.935
24120,298.955,33.76
24480,296.69,33.85
24840,296.69,31.25
25200,297.02,35.93
25560,297.015,33.675
25920,296.69,33.765
26280,297.015,33.85
26640,296.855,33.85
27000,298.95,33.76
27360,296.69,34.28
27720,296.69,33.675
28080,296.69,33.935
41040,297.18,36.105
41400,296.855,36.19
41760,297.34,36.19
42120,297.5,36.105
42480,297.5,36.275
42840,297.18,36.105
43200,297.825,36.19
43560,297.18,36.36
43920,297.18,36.015
44280,297.18,36.19
44640,297.34,36.19
45000,297.5,36.36
45360,298.31,34.02
45720,297.66,35.93
46080,297.02,38.53
46440,297.34,36.19
46800,297.18,36.105
47160,297.18,36.015
47520,297.825,35.755
47880,297.66,35.41
48240,297.34,34.455
48600,297.5,34.89
48960,297.5,35.585
49320,297.66,34.975
49680,297.5,35.235
50040,297.5,35.15
50400,297.5,35.32
50760,297.825,35.58
51120,297.66,35.235
51480,297.66,34.54
51840,297.5,33.07
52200,297.98,32.46
52560,297.82,33.065
52920,297.985,32.72
53280,297.82,32.375
53640,297.66,32.985
54000,298.145,33.24
54360,297.82,32.2
54720,298.145,33.59
55080,297.82,33.155
55440,297.66,32.895
55800,297.98,30.03
56160,297.98,35.06
56520,297.82,30.985
56880,297.82,30.64
57240,299.755,29.95
57600,297.985,31.42
57960,297.66,32.635
58320,297.82,33.765
58680,297.82,33.24
59040,298.145,31.77
59400,297.82,32.2
59760,298.145,32.725
60120,298.145,33.33
60480,297.82,32.98
60840,297.82,33.675
61200,297.82,33.325
61560,300.24,33.935
61920,299.595,33.845
62280,297.985,33.845
62640,297.98,32.55
63000,297.82,32.635
63360,297.985,33.59
63720,298.145,33.5
64080,298.47,33.415
64440,297.82,34.365
64800,298.145,34.545
65160,298.95,34.365
65520,297.98,35.235
65880,298.145,35.145
66240,297.98,32.81
66600,297.66,37.14
66960,297.66,35.065
67320,297.82,34.885
67680,297.82,34.89
68040,297.66,34.89
68400,297.82,34.715
68760,297.66,35.065
69120,297.66,34.975
69480,298.145,35.145
69840,297.66,34.89
70200,297.66,34.89
70560,297.82,34.89
70920,297.5,35.06
71280,297.5,35.235
71640,298.305,34.715
72000,297.66,34.715
72360,299.755,34.8
72720,298.145,34.715
73080,297.82,34.8
73440,297.66,34.54
73800,297.66,34.455
74160,297.66,34.805
74520,297.66,34.885
74880,297.82,34.715
75240,298.145,34.975
75600,297.5,34.975
75960,297.825,34.89
76320,297.66,32.98
76680,297.5,34.89
77040,297.34,37.49
77400,299.755,35.15
77760,297.66,34.975
78120,297.5,35.06
78480,297.66,35.06
78840,297.66,34.885
79200,297.5,35.15
79560,297.5,35.065
79920,297.66,35.06
80280,297.5,35.235
80640,297.66,35.325
81000,297.5,35.32
81360,297.5,35.235
81720,299.92,35.495
82080,297.66,35.145
82440,297.66,35.145
82800,297.5,35.495
83160,297.5,35.15
83520,297.5,35.41
83880,297.5,35.235
84240,297.5,35.145
84600,297.5,34.885
84960,297.985,35.235
85320,297.5,35.405
85680,298.465,34.975
86040,297.66,34.975
0,297.5,35.32
360,297.66,33.33
720,297.34,37.32
1080,297.5,35.06
1440,297.5,35.235
1800,297.5,35.58
2160,297.82,35.15
2520,297.34,35.41
2880,297.34,35.235
3240,297.66,35.495
3600,297.5,35.495
3960,297.66,35.495
4320,297.34,35.495
4680,297.5,35.755
5040,297.34,35.495
5400,297.34,35.15
5760,297.34,35.495
6120,297.18,35.495
6480,297.66,35.405
6840,297.5,35.495
7200,297.34,35.41
7560,297.18,35.41
7920,297.18,35.495
8280,297.34,35.755
8640,297.34,35.67
9000,297.34,35.67
9360,297.34,35.665
9720,297.18,35.665
10080,297.18,35.93
10440,297.34,35.93
10800,297.34,33.68
11160,297.34,38.01
11520,297.18,36.19
11880,297.5,35.755
12240,297.18,36.1
12600,297.34,36.275
12960,297.18,36.275
13320,297.015,36.19
13680,297.18,36.19
14040,297.18,36.365
14400,297.66,36.365
14760,297.18,36.45
15120,297.18,36.19
15480,297.18,36.19
15840,299.755,36.535
16200,297.665,36.45
16560,297.02,36.62
16920,297.18,36.54
17280,297.18,36.45
17640,297.18,36.54
18000,297.02,36.28
18360,297.18,36.19
18720,297.02,36.535
19080,297.02,36.365
19440,297.665,36.275
19800,297.02,36.45
20160,297.175,36.275
20520,296.855,36.275
20880,297.02,33.68
21240,297.18,36.45
21600,297.02,38.88
21960,296.855,36.36
22320,297.02,36.365
22680,297.18,36.365
23040,297.015,35.93
23400,296.855,36.28
23760,297.02,35.93
24120,296.855,35.93
24480,297.18,36.19
24840,296.855,36.015
25200,297.02,35.845
25560,296.69,35.93
25920,297.175,35.755
26280,296.855,36.105
26640,296.855,35.93
27000,297.18,35.755
27360,296.695,36.275
27720,296.855,35.755
28080,296.69,35.755
28440,296.855,36.105
28800,297.335,35.93
29160,297.175,36.02
29520,297.18,36.275
29880,296.855,36.45
30240,297.18,36.88
30600,297.02,36.54
30960,298.145,36.54
31320,297.02,34.72
31680,297.02,36.795
32040,297.02,39.57
32400,297.34,37.405
32760,297.34,37.575
33120,297.34,37.665
33480,297.02,37.84
33840,297.34,37.665
34200,297.18,38.01
34560,297.18,38.185
34920,297.5,38.27
35280,297.5,37.925
35640,297.66,38.62
36000,297.5,38.355
36360,297.66,38.53
36720,297.98,38.185
37080,297.82,38.355
37440,297.985,38.095
37800,297.98,38.185
38160,298.145,38.015
38520,298.145,37.84
38880,298.31,37.75
39240,298.145,37.925
39600,298.465,37.75
39960,298.47,37.665
40320,298.47,37.405
40680,299.115,37.495
41040,298.95,37.665
41400,298.95,37.665
41760,299.27,34.54
42120,298.95,39.92
42480,299.76,36.97
42840,299.435,36.88
43200,299.275,37.145
43560,299.435,36.97
43920,300.4,36.88
44280,300.08,36.88
44640,299.595,36.365
45000,299.92,36.8
45360,299.755,36.535
45720,299.76,36.71
46080,299.435,36.535
46440,299.27,37.23
46800,299.275,37.23
47160,299.11,37.49
47520,299.11,37.84
47880,299.11,37.835
48240,299.11,37.49
48600,299.27,37.75
48960,300.24,36.885
49320,299.92,36.45
49680,299.435,36.45
50040,299.755,36.45
50400,299.595,36.105
50760,299.915,36.45
51120,300.4,36.105
51480,300.4,36.535
51840,300.56,32.46
52200,300.4,34.8
52560,299.92,37.14
52920,300.24,34.195
53280,300.24,34.455
53640,300.56,34.89
54000,299.92,34.975
54360,300.24,34.975
54720,300.24,34.37
55080,300.08,34.455
55440,300.08,34.54
55800,300.24,34.02
56160,300.24,34.285
56520,300.08,35.145
56880,300.08,34.8
57240,300.245,34.625
57600,299.92,34.37
57960,300.24,34.195
58320,300.24,33.845
58680,300.08,33.85
59040,300.4,34.105
59400,300.08,34.455
59760,300.08,34.545
60120,300.08,33.065
60480,299.92,33.765
60840,300.24,33.33
61200,299.92,32.635
61560,300.08,32.29
61920,299.92,31.425
62280,300.24,29.69
62640,300.56,31.595
63000,299.6,32.98
63360,299.92,30.9
63720,299.92,30.815
64080,299.92,31.075
64440,299.92,32.805
64800,299.92,32.375
65160,300.08,32.375
65520,299.76,30.99
65880,299.76,30.295
66240,299.92,30.38
66600,299.76,31.42
66960,299.76,31.595
67320,299.76,31.94
67680,299.76,32.205
68040,301.375,32.725
68400,299.76,32.545
68760,299.76,32.725
69120,299.755,33.155
69480,299.915,33.07
69840,299.595,33.33
70200,299.435,33.415
70560,299.76,33.24
70920,299.435,33.5
71280,299.435,33.59
71640,299.6,33.33
72000,299.595,33.5
72360,299.915,33.675
72720,300.24,30.73
73080,298.95,36.45
73440,299.435,33.85
73800,299.275,33.845
74160,299.27,34.105
74520,299.275,34.105
74880,299.27,34.285
75240,299.11,34.455
75600,299.11,34.805
75960,298.95,34.8
76320,299.595,34.805
76680,298.95,34.715
77040,300.4,34.975
77400,301.375,34.805
77760,299.115,35.235
78120,298.95,35.325
78480,299.11,35.41
78840,298.79,35.755
79200,298.95,35.67
79560,299.11,35.84
79920,298.79,35.58
80280,299.11,35.93
80640,298.95,35.755
81000,298.79,35.84
81360,298.955,36.02
81720,298.79,36.015
82080,298.79,36.105
82440,299.11,36.105
82800,298.79,36.015
83160,298.63,33.85
83520,298.31,38.88
83880,298.47,36.19
84240,298.47,36.275
84600,298.63,36.365
84960,298.47,36.365
85320,298.79,36.365
85680,298.95,36.71
86040,298.79,36.71
0,298.47,36.885
360,298.63,36.71
720,299.435,36.54
1080,298.47,36.795
1440,298.47,36.885
1800,298.79,36.885
2160,300.565,37.145
2520,298.79,37.23
2880,298.47,36.97
3240,298.63,36.97
3600,298.63,37.06
3960,298.31,36.97
4320,298.145,37.145
4680,298.47,37.405
5040,298.63,37.495
5400,298.31,37.58
5760,298.31,37.755
6120,298.145,37.665
6480,298.145,38.015
6840,298.31,36.1
7200,298.145,37.84
7560,297.98,40.27
7920,298.145,37.835
8280,298.625,38.1
8640,298.305,38.27
9000,297.98,38.185
9360,298.305,38.27
9720,298.305,38.53
10080,298.305,38.535
10440,300.245,38.445
10800,298.145,38.53
11160,297.98,38.53
11520,297.98,38.535
11880,297.98,38.705
12240,297.98,38.62
12600,297.98,38.355
12960,298.305,38.53
13320,298.63,38.615
13680,298.305,38.795
14040,297.98,38.875
14400,297.66,38.705
14760,297.82,38.965
15120,298.145,38.615
15480,298.145,38.535
15840,297.82,38.615
16200,297.82,38.705
16560,297.82,38.27
16920,297.66,38.27
17280,297.66,36.45
17640,298.31,40.61
18000,297.985,38.53
18360,298.145,38.36
18720,297.82,38.355
19080,298.465,38.615
19440,297.66,38.445
19800,297.82,38.445
20160,297.66,38.705
20520,299.275,38.535
20880,297.66,38.705
21240,298.47,38.535
21600,297.66,38.53
21960,297.66,38.62
22320,297.985,38.62
22680,297.82,38.79
23040,297.82,38.705
23400,297.82,38.705
23760,297.82,38.88
24120,297.66,38.62
24480,297.66,38.705
24840,300.4,39.05
25200,297.66,38.705
25560,297.5,38.965
25920,297.66,38.705
26280,297.82,39.05
26640,297.66,39.055
27000,297.66,39.05
27360,299.275,39.135
27720,297.66,36.97
28080,297.66,40.79
28440,299.755,39.225
28800,299.275,38.875
29160,298.145,38.88
29520,297.82,39.31
29880,297.98,38.965
30240,298.145,38.445
30600,298.145,38.1
30960,298.31,38.01
31320,298.305,37.575
31680,298.145,37.145
32040,298.79,37.23
32400,298.31,36.885
32760,298.145,36.71
33120,297.98,36.625
33480,297.98,36.535
33840,298.145,36.97
34200,298.79,37.32
34560,298.145,37.405
34920,298.305,37.145
35280,298.63,36.36
35640,298.31,36.45
36000,298.79,36.88
36360,298.47,36.8
36720,300.725,36.71
37080,298.63,36.365
37440,298.95,36.45
37800,298.95,33.85
38160,298.79,36.105
38520,298.95,39.05
38880,299.115,36.365
39240,298.95,36.19
39600,299.115,35.93
39960,299.11,36.105
40320,301.045,35.235
40680,299.435,35.15
41040,298.95,35.145
41400,299.11,35.84
41760,299.11,35.235
42120,299.435,35.495
42480,299.11,35.58
42840,299.27,35.58
43200,299.11,36.02
43560,299.11,35.15
43920,299.275,34.63
44280,299.595,34.28
44640,299.11,34.105
45000,299.435,34.195
45360,299.275,34.625
45720,299.435,34.54
46080,299.595,35.32
46440,299.435,35.32
46800,299.595,35.585
47160,299.595,35.93
47520,299.755,35.84
47880,299.915,35.845
48240,299.92,33.15
48600,299.27,38.18
48960,301.535,34.195
49320,299.755,33.76
49680,300.08,33.59
50040,299.92,34.54
50400,299.92,34.8
50760,299.92,35.235
51120,300.08,35.665
51480,299.92,35.58
51840,300.08,34.975
52200,299.92,34.8
52560,299.92,35.41
52920,300.08,35.845
53280,299.92,34.89
53640,300.24,34.365
54000,300.4,33.585
54360,300.4,33.59
54720,300.4,33.415
55080,300.4,34.11
55440,300.24,34.37
55800,300.725,33.5
56160,300.4,33.675
56520,300.885,33.675
56880,300.725,33.59
57240,300.565,33.33
57600,300.565,34.455
57960,300.4,33.675
58320,300.885,34.455
58680,300.56,31.94
59040,300.24,37.66
59400,300.4,34.89
59760,300.725,35.32
60120,300.56,35.325
60480,300.4,35.405
60840,300.24,35.58
61200,300.565,35.67
61560,300.4,35.15
61920,300.4,34.54
62280,300.24,34.63
62640,300.24,34.625
63000,300.4,34.625
63360,300.4,34.54
63720,300.725,34.975
64080,300.725,35.15
64440,300.24,35.06
64800,300.4,34.285
65160,300.24,34.11
65520,300.725,33.675
65880,300.725,33.415
66240,300.56,33.415
66600,300.08,33.85
66960,300.4,33.5
67320,300.4,33.505
67680,300.4,33.33
68040,300.885,32.98
68400,300.56,33.245
68760,300.56,30.9
69120,300.4,33.76
69480,299.92,36.8
69840,300.405,33.59
70200,300.24,33.675
70560,300.08,34.89
70920,300.405,34.63
71280,300.08,34.805
71640,300.405,34.805
72000,300.56,34.54
72360,301.695,34.805
72720,300.08,35.235
73080,300.24,35.145
73440,299.92,35.15
73800,300.08,35.32
74160,300.08,35.235
74520,300.24,35.58
74880,299.76,35.84
75240,299.76,35.845
75600,300.89,35.93
75960,299.435,36.275
76320,299.76,35.93
76680,299.76,36.105
77040,299.76,36.36
77400,299.76,36.535
77760,299.76,36.62
78120,299.435,36.8
78480,299.76,37.315
78840,299.435,36.885
79200,300.24,34.54
79560,299.435,37.145
79920,299.92,39.57
80280,299.435,37.405
80640,299.92,37.145
81000,299.435,37.665
81360,299.435,37.49
81720,299.595,37.405
82080,300.725,37.315
82440,299.435,37.49
82800,299.6,37.665
83160,299.6,37.84
83520,300.56,37.84
83880,299.435,37.58
84240,299.595,38.01
84600,299.11,37.58
84960,299.11,37.925
85320,299.11,38.1
85680,299.11,37.49
86040,298.95,37.665
0,299.6,37.925
360,299.11,37.75
720,299.27,38.015
1080,299.27,37.84
1440,299.435,37.925
1800,299.11,37.835
2160,299.275,37.84
2520,299.11,38.015
2880,299.27,38.01
3240,299.27,35.93
3600,298.95,40.44
3960,299.11,37.84
4320,299.275,38.185
4680,299.11,38.185
5040,299.435,38.015
5400,299.11,38.185
5760,299.11,38.01
6120,299.27,38.095
6480,299.435,38.185
6840,299.27,38.185
7200,299.275,38.275
7560,299.275,38.1
7920,299.11,38.1
8280,298.95,38.01
8640,299.275,38.095
9000,299.27,37.49
9360,299.115,38.01
9720,299.27,37.755
10080,298.95,37.405
10440,299.11,37.495
10800,299.115,37.235
11160,298.95,37.49
11520,298.79,37.23
11880,298.95,36.97
12240,299.275,36.8
12600,298.79,36.97
12960,298.79,36.975
13320,298.95,34.37
13680,300.08,36.885
14040,298.63,39.4
14400,298.79,36.795
14760,298.79,36.71
15120,298.79,36.365
15480,298.79,36.71
15840,298.63,36.625
16200,299.595,36.625
16560,298.79,36.71
16920,298.79,36.36
17280,298.95,36.275
17640,298.95,36.45
18000,298.79,36.1
18360,298.79,36.28
18720,298.95,36.1
19080,299.115,36.105
19440,299.275,36.105
19800,298.79,36.105
20160,298.79,36.015
20520,298.63,36.1
20880,298.95,36.105
21240,298.79,36.02
21600,299.275,36.19
21960,298.79,36.015
22320,298.63,36.105
22680,298.95,36.015
23040,298.63,35.755
23400,298.63,36.28
23760,298.63,33.33
24120,299.11,35.755
24480,298.31,38.88
24840,298.63,36.02
25200,298.63,35.93
25560,298.63,36.28
25920,298.63,36.02
26280,299.115,36.19
26640,298.63,36.015
27000,298.95,36.45
27360,298.79,36.625
27720,298.63,36.625
28080,298.79,36.19
28440,298.47,36.795
28800,298.79,36.88
29160,298.63,36.885
29520,299.275,36.97
29880,298.47,37.06
30240,298.47,37.835
30600,298.63,37.665
30960,298.47,37.75
31320,298.63,37.58
31680,298.31,37.58
32040,298.47,36.88
32400,298.31,37.405
32760,298.47,37.49
33120,298.47,37.315
33480,298.47,37.755
33840,298.31,37.58
34200,298.63,35.06
34560,298.31,39.92
34920,298.63,38.01
35280,298.63,38.095
35640,298.79,38.615
36000,299.76,38.445
36360,298.63,38.62
36720,298.63,38.875
37080,298.63,39.745
37440,298.79,39.745
37800,299.11,39.92
38160,298.95,40.09
38520,298.63,40.35
38880,298.95,40.695
39240,298.79,40.695
39600,298.79,41.74
39960,298.95,41.915
40320,298.79,42
40680,299.11,42.435
41040,299.11,42.345
41400,299.11,42.78
41760,299.275,42.955
42120,299.11,43.735
42480,299.76,42.87
42840,301.855,42.955
43200,299.76,42.785
43560,299.76,42.61
43920,299.6,42.78
44280,299.595,43.045
44640,299.92,40.27
45000,299.92,45.47
45360,300.24,42.52
45720,299.595,43.735
46080,299.595,42.955
46440,299.92,42.695
46800,299.76,42.87
47160,300.24,42.605
47520,300.725,42.435
47880,300.24,42.785
48240,300.24,42.52
48600,300.885,42.865
48960,300.4,42.52
49320,300.24,42.26
49680,300.24,42.26
50040,300.885,42.26
50400,300.725,42.345
50760,300.725,41.995
51120,300.565,41.13
51480,300.4,41.13
51840,301.045,41.39
52200,300.725,41.22
52560,301.045,41.305
52920,300.725,41.565
53280,300.89,40.955
53640,300.725,40.955
54000,301.05,41.39
54360,300.89,40.87
54720,301.21,38.36
55080,300.725,40.87
55440,301.53,43.39
55800,300.725,40.875
56160,300.725,40.61
56520,300.565,40.61
56880,300.89,39.915
57240,300.89,39.835
57600,301.05,39.575
57960,301.05,39.57
58320,300.885,38.88
58680,301.045,38.36
59040,301.05,38.965
59400,300.885,38.705
59760,300.885,38.705
60120,301.205,38.36
60480,301.21,38.445
60840,301.05,38.01
61200,300.725,37.145
61560,300.725,36.97
61920,300.56,37.06
62280,300.4,37.495
62640,300.565,37.32
63000,300.565,37.145
63360,300.4,36.28
63720,300.885,36.1
64080,300.725,35.41
64440,300.725,35.32
64800,300.89,35.93
65160,301.21,32.63
65520,300.56,38.53
65880,300.725,35.93
66240,300.885,36.105
66600,300.56,36.45
66960,300.565,37.06
67320,300.565,36.71
67680,300.4,37.06
68040,300.4,37.06
68400,300.4,36.97
68760,300.4,36.97
69120,300.4,37.405
69480,300.725,37.58
69840,300.08,37.665
70200,300.08,37.835
70560,300.08,38.1
70920,300.24,37.49
71280,300.08,37.145
71640,300.725,37.405
72000,299.92,37.665
72360,299.92,37.49
72720,299.76,37.755
73080,299.76,37.58
73440,299.76,37.665
73800,299.755,38.015
74160,299.435,37.75
74520,299.435,37.75
74880,301.695,38.01
75240,300.89,38.015
75600,299.6,35.76
75960,299.92,40.09
76320,299.27,38.1
76680,299.435,38.01
77040,299.435,37.84
77400,299.435,38.015
77760,299.435,37.665
78120,299.27,38.185
78480,299.275,38.1
78840,299.6,37.835
79200,299.27,38.1
79560,299.27,38.01
79920,299.11,37.84
80280,299.11,38.095
80640,299.11,37.925
81000,299.595,37.925
81360,299.11,38.01
81720,299.11,38.01
82080,299.27,38.01
82440,299.11,38.01
82800,299.275,37.925
83160,299.11,38.1
83520,298.79,38.1
83880,298.79,38.355
84240,299.11,38.36
84600,299.11,38.445
84960,298.95,38.445
85320,298.95,38.62
85680,298.95,36.28
86040,298.79,38.53
0,299.6,40.96
360,298.79,38.795
720,298.79,38.705
1080,298.79,38.705
1440,298.79,38.88
1800,298.79,38.705
2160,298.79,39.135
2520,298.79,38.88
2880,299.275,39.14
3240,298.79,38.965
3600,298.79,39.225
3960,299.275,39.315
4320,298.79,39.05
4680,298.63,39.66
5040,298.63,39.14
5400,298.47,39.31
5760,298.63,39.4
6120,298.63,39.4
6480,298.63,39.745
6840,299.11,39.575
7200,298.63,39.83
7560,298.79,39.83
7920,298.95,39.745
8280,298.95,39.835
8640,298.47,40.095
9000,298.47,40.35
9360,298.63,40.265
9720,298.63,38.01
10080,298.63,42.52
10440,298.47,40.265
10800,298.31,40.265
11160,298.47,40.435
11520,298.79,40.785
11880,298.47,40.61
12240,298.47,40.35
12600,298.63,40.785
12960,298.47,40.525
13320,298.31,40.87
13680,298.145,40.87
14040,298.31,40.785
14400,298.63,41.045
14760,298.145,40.695
15120,298.63,40.96
15480,298.145,41.045
15840,298.145,40.785
16200,298.145,40.96
16560,298.625,41.215
16920,298.145,40.96
17280,298.145,41.045
17640,298.305,41.39
18000,298.305,41.39
18360,298.145,41.045
18720,298.305,41.39
19080,298.145,41.48
19440,298.145,41.565
19800,298.145,41.74
20160,298.31,39.05
20520,297.98,43.73
20880,298.145,41.305
21240,298.31,41.565
21600,298.305,41.65
21960,298.145,41.48
22320,298.465,41.565
22680,298.145,41.48
23040,298.465,41.565
23400,297.98,41.65
23760,298.47,41.825
24120,298.305,41.65
24480,300.24,41.74
24840,297.98,42.09
25200,297.98,41.91
25560,297.98,41.65
25920,298.305,41.91
26280,298.145,41.91
26640,297.82,42
27000,297.98,42.175
27360,297.98,42.345
27720,298.145,42.085
28080,298.145,42.085
28440,297.82,42.435
28800,297.98,42.175
29160,297.98,42.345
29520,298.63,42.26
29880,298.145,42.17
30240,298.31,39.75
30600,298.465,42.26
30960,298.63,44.6
31320,298.63,41.91
31680,298.305,42.09
32040,298.79,42.085
32400,298.145,42.175
32760,298.305,42.175
33120,298.145,43.13
33480,298.145,42.175
33840,298.145,41.74
34200,297.5,42.61
34560,297.82,43.215
34920,298.145,42.78
35280,298.145,42.87
35640,298.47,42.26
36000,298.31,42.175
36360,298.47,41.91
36720,298.47,41.39
37080,298.305,41.305
37440,298.47,41.045
37800,298.79,40.955
38160,298.79,40.785
38520,298.79,41.045
38880,298.63,41.22
39240,298.63,40.785
39600,298.95,40.785
39960,298.79,40.525
40320,299.115,40.525
40680,298.95,38.53
41040,298.95,40.525
41400,298.63,42.87
41760,299.11,40.265
42120,299.435,39.745
42480,299.27,39.92
42840,299.435,39.83
43200,299.11,39.83
43560,299.275,39.92
43920,299.595,39.485
44280,299.11,40.44
44640,299.11,39.92
45000,299.11,39.745
45360,299.11,40.095
45720,299.92,39.745
46080,299.275,39.92
46440,299.275,39.92
46800,299.275,40.175
47160,299.595,39.835
47520,299.435,39.835
47880,299.915,39.66
48240,299.595,39.57
48600,299.595,39.575
48960,299.6,39.4
49320,299.595,39.4
49680,299.76,39.05
50040,300.08,39.315
50400,299.92,39.4
50760,299.435,38.965
51120,299.6,36.8
51480,299.6,41.31
51840,300.08,39.14
52200,300.08,38.88
52560,300.08,38.705
52920,299.92,38.445
53280,299.76,38.36
53640,299.92,38.185
54000,300.08,38.185
54360,300.24,38.275
54720,299.92,38.62
55080,299.92,38.88
55440,300.4,38.88
55800,300.08,38.53
56160,299.92,38.705
56520,300.4,38.53
56880,300.4,38.01
57240,300.4,36.97
57600,300.56,36.97
57960,300.565,36.54
58320,300.565,36.625
58680,300.24,38.1
59040,300.245,38.015
59400,300.4,38.1
59760,300.4,38.185
60120,299.92,38.1
60480,299.595,38.095
60840,300.405,38.01
61200,300.56,35.58
61560,299.92,38.36
61920,299.6,40.96
62280,299.92,38.62
62640,299.92,38.79
63000,299.76,38.445
63360,299.76,38.615
63720,300.245,38.62
64080,299.92,38.79
64440,300.08,38.88
64800,300.08,39.225
65160,300.08,38.965
65520,300.4,38.965
65880,299.92,39.225
66240,300.24,39.31
66600,299.76,39.225
66960,299.76,39.225
67320,299.435,38.965
67680,299.595,39.915
68040,299.92,39.135
68400,299.435,39.485
68760,301.37,39.66
69120,299.915,39.225
69480,299.435,39.14
69840,299.435,39.66
70200,299.435,39.485
70560,299.435,39.225
70920,299.27,39.4
71280,299.755,39.225
71640,299.27,36.97
72000,299.27,39.485
72360,298.95,42.17
72720,299.595,39.485
73080,299.11,39.57
73440,299.11,39.92
73800,299.275,40.265
74160,298.95,40.005
74520,299.115,40.18
74880,300.08,40.09
75240,298.95,40.005
75600,299.275,40.18
75960,298.79,40.18
76320,298.95,40.35
76680,298.95,40.525
77040,298.955,40.44
77400,298.63,40.265
77760,298.47,40.355
78120,298.63,40.525
78480,298.79,40.525
78840,298.47,40.695
79200,298.63,40.44
79560,299.275,40.61
79920,298.79,40.695
80280,298.31,40.87
80640,298.47,40.875
81000,299.435,40.525
81360,298.47,40.785
81720,298.31,40.695
82080,298.31,38.36
82440,298.63,43.04
82800,298.47,40.695
83160,298.31,40.955
83520,298.305,40.87
83880,298.63,40.785
84240,298.305,41.13
84600,298.31,40.785
84960,298.145,41.215
85320,298.63,40.96
85680,298.63,41.13
86040,298.145,41.045
0,297.98,40.875
360,297.98,41.215
720,298.145,40.96
1080,298.465,41.045
1440,297.98,40.96
1800,297.98,41.22
2160,298.145,41.045
2520,298.465,41.045
2880,298.145,41.305
3240,297.98,41.045
3600,298.145,41.39
3960,297.98,41.22
4320,298.145,41.135
4680,298.145,41.13
5040,297.98,40.96
5400,297.98,41.48
5760,298.31,38.53
6120,298.145,41.135
6480,297.98,43.73
6840,298.145,40.96
7200,297.98,41.13
7560,298.31,41.135
7920,298.305,41.215
8280,298.31,41.565
8640,297.98,41.565
9000,298.305,41.13
9360,297.98,41.13
9720,298.465,41.215
10080,297.98,41.475
10440,297.98,41.305
10800,298.145,41.475
11160,298.145,41.565
11520,297.66,41.655
11880,298.145,41.65
12240,297.66,41.825
12600,297.82,41.39
12960,297.82,41.39
13320,297.82,41.565
13680,297.82,40.96
14040,297.82,40.87
14400,297.82,40.87
14760,298.305,40.875
15120,297.985,40.785
15480,297.66,40.785
15840,297.66,40.785
16200,298.31,38.36
16560,297.66,40.875
16920,297.66,42.69
17280,297.66,40.61
17640,297.82,40.695
18000,297.66,40.875
18360,297.66,40.875
18720,298.305,40.61
19080,299.435,40.96
19440,297.66,41.045
19800,297.66,40.785
20160,297.82,41.13
20520,298.145,41.135
20880,297.82,41.305
21240,298.145,40.955
21600,297.5,41.22
21960,298.79,41.565
22320,297.66,40.87
22680,297.66,41.395
23040,297.66,41.135
23400,297.66,41.135
23760,297.985,41.215
24120,297.66,41.395
24480,297.66,41.565
24840,297.66,41.135
25200,297.66,41.39
25560,298.63,41.48
25920,297.66,41.305
26280,297.66,41.22
26640,297.66,38.88
27000,297.66,43.73
27360,297.5,41.22
27720,297.5,41.395
28080,297.5,41.22
28440,297.5,41.48
28800,297.66,41.655
29160,298.47,41.305
29520,298.145,41.215
29880,297.66,41.305
30240,297.66,41.22
30600,298.145,41.13
30960,297.66,41.565
31320,297.82,41.305
31680,297.82,41.39
32040,297.82,41.915
32400,297.66,42.085
32760,297.66,43.39
33120,297.34,44.34
33480,297.34,43.91
33840,297.66,43.995
34200,297.82,43.56
34560,297.98,43.475
34920,297.66,44.085
35280,299.755,43.735
35640,297.82,43.385
36000,297.82,43.475
36360,297.82,43.565
36720,298.63,43.735
37080,297.98,42
37440,297.66,45.99
37800,297.82,43.91
38160,298.465,43.56
38520,297.82,43.385
38880,298.305,43.39
39240,298.79,43.215
39600,297.985,42.955
39960,297.82,43.305
40320,297.66,42.955
40680,297.82,42.87
41040,297.82,43.215
41400,297.66,43.04
41760,297.66,43.3
42120,298.63,43.04
42480,297.82,43.045
42840,297.66,43.045
43200,297.82,43.3
43560,297.985,43.39
43920,297.82,43.475
44280,297.985,42.955
44640,297.82,42.78
45000,297.66,43.385
45360,297.66,43.565
45720,297.82,43.905
46080,297.82,43.645
46440,297.82,43.65
46800,297.5,43.645
47160,297.66,41.65
47520,297.66,43.735
47880,297.98,46.34
48240,297.82,43.995
48600,297.82,43.825
48960,298.79,43.385
49320,298.145,43.305
49680,297.82,43.215
50040,297.82,43.13
50400,298.955,43.215
50760,297.82,42.61
51120,298.305,42.87
51480,298.145,42.61
51840,297.98,42.61
52200,298.31,42.35
52560,298.47,42.605
52920,298.145,42.52
53280,297.98,42.345
53640,298.145,42.78
54000,297.985,42.175
54360,297.985,42.435
54720,298.145,42.435
55080,298.63,41.915
55440,298.145,42.085
55800,298.145,42.605
56160,298.465,43.04
56520,297.98,43.385
56880,298.145,43.13
57240,298.145,42.605
57600,298.31,40.27
57960,297.98,45.3
58320,298.63,43.13
58680,298.47,43.385
59040,298.47,43.475
59400,298.95,43.045
59760,298.47,43.125
60120,298.47,43.385
60480,298.31,43.65
60840,298.95,43.215
61200,298.47,43.3
61560,298.47,43.385
61920,298.79,43.215
62280,298.79,43.3
62640,298.63,43.215
63000,298.63,42.785
63360,298.47,42.87
63720,298.47,43.04
64080,298.79,42.865
64440,298.47,42.78
64800,298.63,42.87
65160,298.625,42.955
65520,298.63,42.87
65880,298.47,42.695
66240,298.31,42.87
66600,298.47,42.87
66960,298.47,42.78
67320,298.47,42.78
67680,298.47,42.78
68040,298.31,40.09
68400,297.98,45.3
68760,298.31,43.045
69120,298.305,42.87
69480,298.63,42.785
69840,298.145,42.785
70200,298.31,42.52
70560,298.31,42.695
70920,298.145,42.865
71280,298.145,42.955
71640,298.31,43.04
72000,298.305,43.305
72360,298.145,43.735
72720,298.145,43.475
73080,297.82,43.65
73440,297.98,43.825
73800,298.47,43.735
74160,297.82,43.82
74520,297.98,43.82
74880,298.625,43.735
75240,297.66,43.65
75600,297.985,43.735
75960,298.145,43.825
76320,298.145,43.735
76680,298.79,43.65
77040,297.66,43.65
77400,297.66,43.82
77760,297.985,43.735
78120,297.66,41.48
78480,297.5,44.085
78840,297.34,46.16
79200,297.66,44.08
79560,297.34,43.995
79920,297.66,44.165
80280,297.34,44.255
80640,297.66,44.17
81000,297.5,43.995
81360,297.82,43.995
81720,297.34,44.085
82080,298.145,44.43
82440,297.5,44.255
82800,297.34,43.995
83160,297.82,44.515
83520,297.5,44.34
83880,297.34,44.165
84240,297.34,43.905
84600,297.18,43.91
84960,297.34,43.905
85320,298.47,43.82
85680,297.5,44.08
86040,297.665,44.255
0,299.115,44.08
360,297.02,44.34
720,297.66,43.905
1080,297.18,43.995
1440,297.18,44.08
1800,297.34,43.995
2160,297.02,41.83
2520,297.02,43.995
2880,297.66,46.34
3240,297.02,43.995
3600,297.02,43.735
3960,297.02,43.91
4320,297.02,43.905
4680,297.02,43.735
5040,297.34,43.565
5400,298.79,43.475
5760,297.02,43.65
6120,297.02,43.825
6480,296.855,43.65
6840,296.855,43.735
7200,296.855,43.82
7560,297.015,43.82
7920,296.855,43.995
8280,297.34,43.735
8640,296.855,43.475
9000,296.855,43.65
9360,296.855,43.56
9720,297.175,43.82
10080,297.015,43.825
10440,296.855,43.735
10800,297.18,43.905
11160,296.69,43.82
11520,296.69,43.65
11880,296.69,43.475
12240,297.015,43.65
12600,296.69,41.48
12960,296.69,45.82
13320,297.5,43.3
13680,296.855,43.3
14040,297.015,43.475
14400,296.855,43.475
14760,296.855,43.56
15120,296.855,43.305
15480,296.53,43.565
15840,296.69,43.56
16200,296.69,43.475
16560,296.855,43.39
16920,297.015,43.475
17280,296.53,43.215
17640,296.855,43.39
18000,296.53,43.305
18360,296.695,43.305
18720,296.855,43.305
19080,296.53,43.04
19440,297.015,42.955
19800,296.69,43.04
20160,296.695,43.04
20520,296.53,43.215
20880,296.695,43.3
21240,296.855,42.955
21600,296.53,43.04
21960,296.855,42.955
22320,296.37,42.955
22680,296.69,40.44
23040,296.53,43.3
23400,297.34,45.99
23760,296.53,43.3
24120,296.53,43.13
24480,296.53,43.13
24840,297.015,42.87
25200,296.53,43.13
25560,296.53,43.215
25920,296.53,42.955
26280,296.53,43.13
26640,296.535,43.04
27000,296.37,42.87
27360,296.53,43.215
27720,296.53,42.87
28080,296.37,43.04
28440,296.695,43.385
28800,296.37,43.04
29160,296.53,43.13
29520,296.695,43.3
29880,297.015,43.125
30240,296.37,43.215
30600,296.695,43.215
30960,296.53,43.3
31320,296.53,43.39
31680,296.695,43.125
32040,296.695,43.215
32400,296.69,43.215
32760,296.37,43.305
33120,296.69,40.44
33480,297.18,43.3
33840,296.37,45.82
34200,296.69,43.215
34560,296.37,43.3
34920,298.63,43.215
35280,296.855,43.215
35640,297.015,43.215
36000,296.69,43.56
36360,297.175,43.3
36720,297.02,43.13
37080,296.69,43.13
37440,298.79,43.56
37800,296.855,43.39
38160,297.18,43.645
38520,296.855,43.475
38880,296.855,43.39
39240,297.175,43.65
39600,297.02,43.3
39960,296.855,43.475
40320,297.66,43.385
40680,297.34,43.65
41040,296.855,43.3
41400,297.02,43.39
41760,297.175,43.65
42120,297.015,43.475
42480,297.02,43.565
42840,297.18,43.475
43200,296.855,43.3
43560,297.02,40.61
43920,297.66,45.82
44280,297.18,43.215
44640,297.02,43.56
45000,297.02,43.475
45360,297.34,43.39
45720,297.18,43.3
46080,297.18,43.215
46440,297.02,43.475
46800,297.175,43.215
47160,297.5,43.215
47520,297.18,43.3
47880,297.18,43.475
48240,298.95,43.215
48600,297.18,43.56
48960,297.34,43.645
49320,296.855,43.39
49680,297.18,43.475
50040,297.5,43.82
50400,297.34,43.305
50760,297.34,43.65
51120,297.18,43.825
51480,297.18,43.995
51840,297.34,43.645
52200,297.18,43.735
52560,297.34,43.735
52920,297.5,43.475
53280,297.015,43.735
53640,297.02,41.31
54000,297.18,43.91
54360,297.34,45.99
54720,297.18,43.645
55080,297.34,43.645
55440,297.18,43.65
55800,297.18,43.65
56160,297.18,43.91
56520,297.34,43.735
56880,297.18,43.825
57240,297.18,43.825
57600,297.18,43.735
57960,297.18,43.56
58320,297.18,43.39
58680,297.34,43.475
59040,297.18,43.735
59400,297.5,43.65
59760,297.015,43.735
60120,297.015,43.995
60480,297.66,43.645
60840,297.18,43.65
61200,297.18,43.735
61560,297.5,43.82
61920,297.5,43.825
62280,297.175,44.085
62640,297.34,43.735
63000,297.18,43.82
63360,297.18,43.995
63720,297.665,44.08
64080,297.34,41.13
64440,297.82,43.475
64800,297.02,46.16
65160,297.34,43.735
65520,297.18,43.735
65880,297.34,43.65
66240,297.18,43.825
66600,297.18,43.995
66960,297.34,43.905
67320,297.18,43.995
67680,297.82,44.17
68040,297.5,44.43
68400,297.5,43.995
68760,297.18,44.17
69120,297.34,44.255
69480,297.18,44.08
69840,297.18,44.34
70200,297.34,44.515
70560,297.02,44.6
70920,297.34,44.6
71280,297.015,44.345
71640,297.18,44.6
72000,297.02,44.515
72360,297.5,44.775
72720,297.18,44.425
73080,297.34,44.515
73440,297.66,44.6
73800,297.18,44.775
74160,297.18,44.685
74520,297.34,42.17
74880,297.02,46.68
75240,297.5,44.69
75600,297.34,44.515
75960,296.855,44.86
76320,297.02,44.685
76680,297.18,44.775
77040,297.015,44.685
77400,296.855,44.775
77760,297.02,44.515
78120,297.02,44.43
78480,296.695,44.685
78840,296.855,44.775
79200,297.18,44.515
79560,296.855,44.86
79920,297.015,44.515
80280,297.015,44.86
80640,298.79,44.865
81000,296.855,44.6
81360,297.015,44.69
81720,296.855,44.775
82080,296.855,44.685
82440,296.855,44.69
82800,296.855,44.95
83160,296.855,44.6
83520,297.18,44.945
83880,296.695,44.775
84240,296.855,45.295
84600,296.855,44.95
84960,296.69,42.69
85320,296.69,47.38
85680,296.695,45.205
86040,296.695,45.21
0,297.02,45.38
360,296.695,45.21
720,296.53,45.12
1080,296.69,45.725
1440,296.53,45.47
1800,296.69,45.64
2160,296.855,45.73
2520,297.015,45.73
2880,296.53,45.47
3240,296.855,45.645
3600,297.015,45.645
3960,297.175,45.47
4320,297.015,45.555
4680,297.015,45.815
5040,296.69,45.47
5400,297.02,45.815
5760,297.015,45.73
6120,296.53,46.075
6480,296.855,45.9
6840,296.855,46.335
7200,297.015,46.595
7560,296.53,46.25
7920,298.305,46.335
8280,296.695,46.68
8640,296.69,44.25
9000,296.53,47.115
9360,296.37,49.11
9720,296.855,46.685
10080,296.37,47.2
10440,296.37,47.115
10800,296.695,47.29
11160,296.69,47.635
11520,296.855,47.375
11880,296.69,46.855
12240,296.695,47.03
12600,296.53,47.29
12960,296.53,47.375
13320,296.535,47.115
13680,296.37,47.375
14040,296.695,47.115
14400,296.695,47.46
14760,296.37,47.29
15120,296.53,47.2
15480,296.535,47.115
15840,296.69,46.94
16200,296.37,47.115
16560,296.53,46.855
16920,296.855,46.945
17280,296.695,47.205
17640,296.37,47.115
18000,296.37,47.29
18360,296.37,47.2
18720,296.53,46.855
19080,296.69,44.25
19440,296.37,49.63
19800,296.53,46.425
20160,296.695,46.595
20520,296.53,46.855
20880,296.695,46.68
21240,296.695,46.855
21600,298.465,46.595
21960,297.175,46.68
22320,296.37,46.42
22680,296.695,46.77
23040,296.53,46.245
23400,296.855,46.685
23760,296.53,46.595
24120,296.37,46.68
24480,298.465,46.765
24840,296.37,46.685
25200,296.53,46.42
25560,296.37,46.68
25920,296.855,46.51
26280,296.69,46.42
26640,297.985,46.595
27000,296.53,46.595
27360,296.69,46.595
27720,296.69,46.42
28080,296.69,46.335
28440,297.015,46.42
28800,296.69,46.51
29160,296.855,46.16
29520,296.69,43.91
29880,296.69,48.76
30240,297.18,46.335
30600,297.015,46.075
30960,296.69,46.68
31320,296.855,46.505
31680,296.855,46.42
32040,296.69,46.42
32400,296.69,46.77
32760,296.69,46.245
33120,296.69,46.595
33480,296.855,46.25
33840,296.53,46.245
34200,296.69,46.51
34560,296.855,46.425
34920,296.855,46.165
35280,296.855,46.16
35640,296.69,46.075
36000,296.855,46.51
36360,296.69,46.25
36720,297.34,46.42
37080,296.69,46.595
37440,297.02,46.77
37800,296.855,46.855
38160,296.855,46.51
38520,297.02,46.68
38880,296.855,46.765
39240,296.855,46.77
39600,297.02,43.91
39960,297.34,46.51
40320,296.69,49.28
40680,296.855,46.51
41040,297.18,46.68
41400,296.855,46.505
41760,297.02,46.51
42120,297.34,46.595
42480,296.855,47.03
42840,297.18,46.425
43200,297.34,46.335
43560,297.015,46.68
43920,297.34,46.595
44280,299.115,46.505
44640,297.985,46.335
45000,298.79,46.335
45360,296.855,46.595
45720,296.855,46.335
46080,297.34,46.42
46440,297.015,45.99
46800,297.015,45.815
47160,297.175,46.245
47520,297.18,45.99
47880,297.18,45.9
48240,297.18,45.725
48600,297.18,45.47
48960,297.18,45.73
49320,297.5,45.205
49680,297.34,45.47
50040,297.34,42.87
50400,297.18,45.38
50760,297.02,47.72
51120,296.855,45.125
51480,297.825,45.12
51840,297.34,44.865
52200,297.18,45.035
52560,297.18,45.035
52920,297.34,45.21
53280,297.665,44.775
53640,297.34,45.035
54000,297.18,44.865
54360,297.015,44.775
54720,298.305,45.035
55080,297.66,44.86
55440,297.5,44.86
55800,297.34,44.86
56160,297.66,45.035
56520,297.66,45.035
56880,298.955,44.69
57240,297.34,44.945
57600,298.145,45.035
57960,297.18,45.295
58320,297.665,44.95
58680,297.5,45.21
59040,297.18,45.205
59400,297.18,44.945
59760,297.34,45.035
60120,298.63,44.95
60480,297.34,42.35
60840,297.02,47.55
61200,297.18,45.035
61560,297.34,44.95
61920,297.34,44.95
62280,297.18,44.775
62640,297.18,44.865
63000,297.175,44.95
63360,297.5,45.21
63720,297.34,45.125
64080,297.5,45.035
64440,297.66,45.12
64800,297.18,44.425
65160,297.18,44.95
65520,297.34,45.035
65880,297.18,45.21
66240,297.18,44.865
66600,297.02,45.035
66960,297.66,45.38
67320,297.66,45.21
67680,297.665,45.21
68040,297.34,45.295
68400,297.02,45.295
68760,297.18,45.125
69120,297.18,45.38
69480,297.18,45.385
69840,297.18,45.295
70200,297.18,45.295
70560,297.34,43.21
70920,297.18,45.21
71280,297.02,47.72
71640,297.18,45.295
72000,297.18,45.295
72360,297.18,45.73
72720,297.34,45.12
73080,297.18,45.555
73440,297.18,45.295
73800,297.18,45.47
74160,296.855,45.38
74520,297.02,45.38
74880,297.18,45.295
75240,297.34,45.295
75600,297.34,45.38
75960,297.34,45.73
76320,297.18,45.47
76680,297.02,45.385
77040,297.175,45.73
77400,297.34,45.555
77760,297.18,45.555
78120,297.015,45.555
78480,297.02,45.555
78840,296.855,45.295
79200,296.855,45.815
79560,297.02,45.47
79920,296.855,45.73
80280,296.855,45.73
80640,296.855,45.73
81000,297.02,43.39
81360,296.855,45.64
81720,297.34,47.9
82080,296.855,45.815
82440,297.015,45.905
82800,296.69,45.73
83160,297.34,45.99
83520,296.855,45.985
83880,297.02,45.815
84240,296.695,45.815
84600,297.02,45.555
84960,297.335,46.075
85320,296.855,45.64
85680,296.855,46.16
86040,296.695,45.905
0,296.855,46.075
360,296.69,45.815
720,296.69,45.99
1080,296.69,46.16
1440,296.855,46.075
1800,296.855,46.16
2160,296.69,45.9
2520,296.53,46.16
2880,298.955,46.335
3240,296.855,46.595
3600,296.855,46.51
3960,297.34,46.42
4320,296.855,46.25
4680,297.02,46.425
5040,297.34,44.08
5400,297.34,48.59
5760,296.855,46.68
6120,298.79,46.335
6480,297.015,46.42
6840,297.175,46.51
7200,297.02,46.51
7560,296.855,46.77
7920,296.69,46.68
8280,297.985,47.03
8640,296.855,46.855
9000,297.02,46.94
9360,298.79,46.855
9720,297.015,47.115
10080,296.69,47.115
10440,296.69,47.03
10800,296.69,46.94
11160,296.69,47.03
11520,296.855,47.03
11880,296.53,47.29
12240,296.69,47.2
12600,296.855,47.115
12960,296.53,47.2
13320,297.015,47.375
13680,296.37,47.29
14040,297.015,46.945
14400,296.53,47.025
14760,297.02,46.855
15120,297.02,44.43
15480,296.69,47.03
15840,296.37,49.63
16200,298.465,47.29
16560,296.855,47.03
16920,296.695,47.03
17280,296.53,47.115
17640,296.53,47.03
18000,296.53,47.205
18360,296.695,46.855
18720,296.53,47.115
19080,296.53,46.94
19440,296.695,46.855
19800,296.37,46.855
20160,296.695,46.68
20520,296.69,46.68
20880,296.53,46.945
21240,296.53,46.42
21600,296.53,46.595
21960,296.53,46.68
22320,296.53,46.51
22680,296.53,46.425
23040,298.625,46.595
23400,296.53,46.425
23760,296.53,46.42
24120,296.69,46.245
24480,296.53,46.25
24840,296.855,46.51
25200,296.53,46.245
25560,296.69,43.56
25920,296.53,46.165
26280,296.37,48.94
26640,296.37,46.42
27000,296.53,46.335
27360,296.53,46.425
27720,296.69,45.99
28080,296.695,46.075
28440,296.53,46.335
28800,296.69,45.9
29160,296.69,46.075
29520,296.69,45.64
29880,297.175,45.295
30240,297.02,44.865
30600,297.015,44.515
30960,297.66,44.515
31320,297.18,44.43
31680,297.02,44.43
32040,296.855,44.515
32400,297.34,44.255
32760,297.18,44.085
33120,297.18,43.995
33480,297.66,43.82
33840,297.18,43.645
34200,299.275,43.56
34560,297.5,43.475
34920,297.18,43.385
35280,297.825,43.56
35640,297.5,43.305
36000,297.66,40.61
36360,297.34,45.82
36720,297.34,43.305
37080,297.34,43.04
37440,297.5,42.87
37800,297.985,42.87
38160,297.5,43.04
38520,298.95,43.04
38880,297.825,43.13
39240,297.34,43.475
39600,297.34,42.955
39960,297.5,43.04
40320,297.66,42.695
40680,297.825,42.605
41040,298.145,42.78
41400,297.82,42.78
41760,297.985,42.17
42120,297.82,42.35
42480,298.145,42.17
42840,298.145,42.085
43200,297.985,42.345
43560,298.145,42.78
43920,298.145,42.085
44280,297.82,42.26
44640,299.275,41.735
45000,298.31,42.175
45360,298.145,41.565
45720,298.305,41.565
46080,298.305,41.305
46440,298.63,39.05
46800,297.98,43.73
47160,298.305,41.39
47520,299.435,40.44
47880,299.275,40.265
48240,298.95,40.265
48600,299.275,40.35
48960,299.115,40.44
49320,299.115,40.09
49680,299.435,40.18
50040,299.275,40.44
50400,299.275,40.355
50760,299.435,40.355
51120,299.92,40.525
51480,299.115,39.745
51840,299.115,39.745
52200,299.115,39.395
52560,298.95,39.57
52920,298.95,40.525
53280,299.275,40.175
53640,299.6,39.745
54000,299.275,39.66
54360,300.885,39.4
54720,299.115,39.66
55080,299.755,39.92
55440,299.11,39.92
55800,299.435,39.835
56160,299.275,39.92
56520,299.6,37.14
56880,299.11,40.005
57240,299.6,42.87
57600,298.79,40.435
57960,298.63,40.785
58320,298.95,40.265
58680,299.115,40.525
59040,298.63,40.96
59400,298.79,40.785
59760,298.79,40.61
60120,298.79,40.265
60480,298.79,40.265
60840,298.63,40.175
61200,298.79,39.92
61560,298.95,40.005
61920,298.47,40.35
62280,299.27,40.7
62640,298.47,40.695
63000,298.955,40.615
63360,298.47,40.785
63720,300.405,40.525
64080,299.11,40.87
64440,298.79,40.61
64800,298.63,40.61
65160,299.115,39.835
65520,298.63,39.31
65880,298.79,39.83
66240,298.63,39.835
66600,298.47,40.005
66960,298.95,37.32
67320,298.31,43.04
67680,298.63,40.005
68040,298.63,39.745
68400,299.11,40.005
68760,298.63,40.005
69120,298.79,39.92
69480,299.11,40.095
69840,298.79,39.835
70200,298.79,40.095
70560,298.625,39.835
70920,300.24,39.66
71280,298.955,39.745
71640,298.47,40.005
72000,298.47,39.83
72360,298.31,40.265
72720,298.625,40.355
73080,298.145,40.35
73440,298.465,40.525
73800,298.465,40.87
74160,298.145,40.785
74520,298.145,40.96
74880,297.82,41.045
75240,298.145,40.955
75600,297.66,41.045
75960,298.305,41.22
76320,297.98,41.39
76680,297.82,41.39
77040,298.145,41.215
77400,297.66,38.7
77760,297.34,43.56
78120,299.435,41.65
78480,297.5,42
78840,297.66,41.655
79200,297.66,41.825
79560,297.5,41.74
79920,298.145,41.825
80280,297.66,42
80640,297.34,42.085
81000,297.5,42.085
81360,297.985,42.26
81720,297.34,42.52
82080,297.5,42.085
82440,297.66,42.26
82800,297.82,42.345
83160,297.5,41.915
83520,297.34,42.17
83880,297.66,42.26
84240,297.5,42.345
84600,297.5,42
84960,297.5,42.35
85320,297.82,42.345
85680,297.985,42.435
86040,297.5,42.52
0,297.5,42.695
360,297.825,42.69
720,297.66,42.78
1080,297.98,40.27
1440,297.5,42.955
1800,297.34,45.47
2160,297.66,42.52
2520,297.66,42.78
2880,297.5,42.78
3240,297.5,42.78
3600,297.825,42.61
3960,297.34,43.04
4320,297.66,43.215
4680,297.82,43.04
5040,297.5,42.955
5400,297.34,43.215
5760,297.34,42.955
6120,297.825,43.125
6480,297.34,43.13
6840,297.66,43.475
7200,297.5,43.475
7560,297.5,43.475
7920,297.34,43.565
8280,297.34,43.39
8640,297.18,43.475
9000,297.34,43.475
9360,297.34,43.215
9720,297.34,43.56
10080,297.34,43.91
10440,297.34,43.645
10800,297.34,43.565
11160,297.18,43.56
11520,297.66,41.13
11880,297.5,43.82
12240,297.02,46.16
12600,297.18,43.825
12960,297.34,43.995
13320,297.34,44.17
13680,297.18,43.905
14040,297.34,43.735
14400,297.66,44.255
14760,297.66,44.165
15120,297.18,44.255
15480,297.18,44.255
15840,297.66,44.255
16200,297.66,43.995
16560,297.34,44.17
16920,297.34,43.995
17280,297.5,44.17
17640,297.34,43.995
18000,297.34,43.82
18360,297.34,43.65
18720,297.18,43.475
19080,297.18,43.475
19440,297.02,43.475
19800,297.18,43.385
20160,297.02,43.3
20520,297.5,43.04
20880,297.18,43.13
21240,297.015,42.865
21600,297.34,43.13
21960,297.98,40.27
22320,297.02,44.95
22680,297.18,42.785
23040,297.66,42.52
23400,297.02,42.52
23760,297.18,42.26
24120,296.855,41.91
24480,297.02,42.345
24840,297.02,42
25200,297.175,41.74
25560,297.02,41.91
25920,297.02,41.655
26280,297.02,42
26640,297.34,41.915
27000,297.18,41.305
27360,299.275,41.475
27720,297.18,41.48
28080,297.34,41.22
28440,297.34,41.565
28800,297.34,41.305
29160,297.175,41.135
29520,297.82,40.265
29880,297.5,40.095
30240,297.34,39.745
30600,297.34,39.31
30960,297.18,40.61
31320,297.34,40.005
31680,298.145,39.915
32040,297.66,38.01
32400,299.435,40.435
32760,297.66,42.17
33120,297.5,39.485
33480,297.5,39.835
33840,297.5,40.525
34200,299.435,40.35
34560,297.82,40.18
34920,297.985,39.83
35280,297.5,39.915
35640,297.34,40.095
36000,297.34,40.09
36360,297.5,40.18
36720,297.5,39.4
37080,297.34,38.88
37440,297.34,38.79
37800,297.66,38.88
38160,297.82,38.62
38520,297.985,39.05
38880,297.82,39.055
39240,298.305,38.88
39600,297.66,39.395
39960,297.66,40.265
40320,298.305,39.745
40680,298.47,39.575
41040,298.145,39.83
41400,297.985,39.485
41760,298.145,39.485
42120,297.985,39.83
42480,297.98,37.14
42840,297.985,40.005
43200,297.98,42
43560,298.305,39.745
43920,298.145,39.745
44280,298.95,40.265
44640,297.82,40.785
45000,297.82,40.96
45360,297.98,41.305
45720,298.305,40.61
46080,297.82,40.785
46440,298.145,40.525
46800,297.985,40.265
47160,298.305,40.265
47520,298.63,40.005
47880,299.11,40.09
48240,298.63,39.92
48600,299.27,39.745
48960,298.95,40.09
49320,298.95,40.095
49680,298.63,40.785
50040,298.63,41.65
50400,298.47,41.655
50760,298.465,41.74
51120,298.305,41.915
51480,298.63,41.655
51840,298.305,41.995
52200,298.47,42.52
52560,298.63,42.26
52920,298.63,39.92
53280,298.63,44.95
53640,298.63,42.26
54000,298.63,42.955
54360,298.305,42.435
54720,298.47,41.74
55080,298.63,41.565
55440,298.63,41.825
55800,298.79,42
56160,298.305,42.175
56520,299.92,42.345
56880,298.145,42
57240,298.63,41.565
57600,298.63,41.48
57960,299.76,41.045
58320,298.47,40.955
58680,298.63,40.61
59040,298.465,40.265
59400,298.465,40.005
59760,298.95,40.44
60120,298.305,40.44
60480,298.465,40.96
60840,298.465,41.565
61200,298.145,41.045
61560,298.465,42.345
61920,298.305,42
62280,298.47,41.215
62640,298.47,41.13
63000,298.95,38.18
63360,298.305,41.045
63720,297.98,43.91
64080,298.305,41.655
64440,298.79,43.385
64800,298.305,43.82
65160,298.955,44.255
65520,298.955,43.65
65880,299.275,43.825
66240,298.63,44.255
66600,298.47,44.69
66960,298.79,45.21
67320,298.305,45.64
67680,298.63,46.16
68040,298.79,46.245
68400,298.47,45.555
68760,298.47,44.95
69120,298.47,45.12
69480,298.47,44.515
69840,298.47,44.08
70200,298.79,44.165
70560,298.305,44.17
70920,298.305,43.995
71280,298.95,44.255
71640,299.11,43.995
72000,298.31,44.17
72360,298.145,44.08
72720,297.98,44.34
73080,298.145,44.17
73440,297.66,42
73800,298.31,44.255
74160,297.66,47.03
74520,297.82,44.515
74880,297.82,44.515
75240,297.82,44.6
75600,297.82,44.6
75960,297.66,44.43
76320,297.82,44.95
76680,297.82,44.95
77040,297.5,44.865
77400,298.79,44.69
77760,297.5,45.035
78120,297.34,45.38
78480,297.66,45.205
78840,297.5,45.125
79200,297.5,45.205
79560,297.98,45.385
79920,297.5,45.12
80280,297.5,44.95
80640,297.34,45.47
81000,297.34,45.21
81360,297.34,45.12
81720,297.66,45.12
82080,297.34,45.21
82440,297.18,45.385
82800,297.34,45.21
83160,297.5,45.465
83520,297.34,45.205
83880,297.34,42.69
84240,297.02,47.9
84600,297.18,45.12
84960,297.34,45.295
85320,297.18,44.95
85680,297.5,44.775
86040,297.02,44.945
0,297.18,45.035
360,297.34,45.12
720,297.985,45.12
1080,297.18,44.685
1440,297.18,44.775
1800,297.34,44.605
2160,297.34,44.515
2520,297.18,44.69
2880,297.5,44.345
3240,297.34,44.515
3600,297.18,44.34
3960,297.34,44.43
4320,296.855,44.865
4680,297.015,44.515
5040,296.855,44.515
5400,297.015,44.685
5760,296.855,44.69
6120,297.02,44.95
6480,297.175,44.6
6840,297.18,44.865
7200,297.02,44.775
7560,296.855,44.775
7920,296.69,42
8280,297.02,47.38
8640,297.175,44.6
9000,297.34,44.685
9360,297.34,44.6
9720,296.69,44.95
10080,296.69,44.865
10440,296.53,44.6
10800,298.625,44.865
11160,297.18,44.95
11520,296.535,45.035
11880,297.82,44.775
12240,297.015,44.6
12600,296.855,44.345
12960,296.855,44.86
13320,296.855,44.515
13680,297.015,44.515
14040,297.18,44.605
14400,296.855,44.515
14760,297.015,44.255
15120,297.34,44.515
15480,297.175,44.69
15840,296.69,44.34
16200,296.855,44.43
16560,297.34,44.34
16920,296.69,44.6
17280,297.015,44.43
17640,296.855,44.165
18000,297.02,41.83
18360,297.015,43.995
18720,297.34,46.86
19080,297.015,44.17
19440,296.855,43.995
19800,297.34,44.345
20160,296.855,44.17
20520,297.015,44.255
20880,297.02,44.34
21240,297.015,44.08
21600,297.015,44.255
21960,297.015,44.43
22320,296.695,44.865
22680,296.855,45.205
23040,296.855,44.95
23400,297.5,45.295
23760,296.855,45.295
24120,297.985,45.645
24480,297.18,45.205
24840,296.855,45.645
25200,297.18,45.815
25560,297.015,45.815
25920,296.855,46.16
26280,297.18,45.99
26640,296.855,46.25
27000,297.015,45.905
27360,296.855,46.075
27720,296.855,46.335
28080,297.34,46.51
28440,301.53,44.08
28800,296.69,48.76
29160,297.175,46.335
29520,297.18,46.595
29880,297.5,45.64
30240,297.825,45.9
30600,298.79,46.075
30960,297.5,46.335
31320,299.115,46.165
31680,297.5,46.075
32040,297.02,48.59
32400,298.79,47.635
32760,298.145,47.55
33120,297.175,48.245
33480,298.63,48.33
33840,297.175,47.375
34200,297.175,47.29
34560,297.34,47.29
34920,297.5,47.115
35280,297.175,47.29
35640,297.175,46.94
36000,299.27,47.2
36360,297.825,47.03
36720,298.145,46.595
37080,297.335,46.77
37440,297.5,46.68
37800,297.175,46.68
38160,297.5,47.2
38520,297.5,46.945
38880,297.98,44.6
39240,297.02,48.24
39600,297.335,46.855
39960,297.335,47.465
40320,297.5,47.2
40680,297.335,47.375
41040,297.66,47.465
41400,297.82,46.765
41760,297.985,46.68
42120,297.825,46.16
42480,297.825,46.16
42840,297.825,46.16
43200,297.825,46.075
43560,298.145,46.335
43920,297.665,46.425
44280,297.5,46.595
44640,297.5,46.685
45000,299.435,46.77
45360,297.5,46.945
45720,297.66,46.68
46080,298.145,46.25
46440,297.665,45.99
46800,297.5,46.075
47160,297.66,45.815
47520,297.5,45.12
47880,297.825,45.035
48240,298.47,44.6
48600,298.145,45.035
48960,298.31,43.04
49320,297.665,44.515
49680,297.34,46.16
50040,297.665,45.035
50400,297.825,44.86
50760,297.985,44.86
51120,298.305,44.085
51480,297.825,44.345
51840,300.08,44.515
52200,299.595,44.515
52560,299.11,45.555
52920,298.305,45.21
53280,298.145,44.95
53640,298.305,44.43
54000,298.79,43.475
54360,298.465,43.39
54720,298.63,43.215
55080,298.465,42.695
55440,298.465,43.04
55800,298.465,42.175
56160,299.92,41.825
56520,298.63,42.09
56880,298.625,41.565
57240,298.95,40.61
57600,298.63,40.615
57960,298.465,41.305
58320,298.95,40.96
58680,299.115,41.305
59040,300.24,42
59400,300.24,38.88
59760,298.63,42.69
60120,298.79,40.175
60480,299.11,40.7
60840,298.79,40.96
61200,301.05,40.87
61560,298.63,41.045
61920,299.275,40.61
62280,298.955,40.785
62640,299.11,40.09
63000,299.11,40.265
63360,298.625,39.835
63720,298.95,40.09
64080,299.115,40.175
64440,299.115,40.18
64800,298.955,40.435
65160,299.11,40.525
65520,299.435,40.265
65880,299.275,38.62
66240,299.275,38.01
66600,299.11,38.705
66960,299.275,39.485
67320,299.275,39.92
67680,299.275,39.92
68040,299.275,40.09
68400,299.11,40.18
68760,299.435,40.18
69120,299.275,40.355
69480,299.6,40.525
69840,300.56,38.36
70200,298.95,42.17
70560,299.755,39.915
70920,299.275,40.09
71280,299.275,40.18
71640,299.275,39.92
72000,299.76,40.265
72360,299.595,40.09
72720,299.275,40.09
73080,299.435,40.265
73440,299.11,40.7
73800,299.435,40.18
74160,299.435,40.525
74520,299.435,40.435
74880,299.6,40.525
75240,299.11,40.525
75600,299.27,40.095
75960,301.855,40.18
76320,299.275,40.005
76680,299.275,40.18
77040,300.885,40.35
77400,299.435,40.005
77760,299.435,39.83
78120,299.435,39.835
78480,301.535,39.92
78840,300.24,39.745
79200,299.6,39.83
79560,299.435,39.835
79920,300.89,37.84
80280,299.755,39.4
80640,298.31,41.31
81000,299.76,39.055
81360,299.595,39.485
81720,299.435,39.395
82080,299.755,38.965
82440,299.595,38.965
82800,299.435,38.79
83160,299.76,38.88
83520,299.595,38.795
83880,299.595,38.705
84240,299.76,38.795
84600,299.435,38.445
84960,299.76,38.62
85320,299.755,38.445
85680,299.6,38.79
86040,299.76,38.53
0,299.595,38.445
360,299.76,38.705
720,299.76,38.705
1080,299.76,38.36
1440,300.24,38.275
1800,301.855,38.27
2160,299.76,38.445
2520,299.6,38.27
2880,299.92,38.795
3240,299.76,38.185
3600,299.92,38.27
3960,300.56,36.45
4320,300.08,38.445
4680,298.63,39.75
5040,299.92,37.925
5400,299.76,37.925
5760,299.76,38.1
6120,299.92,37.75
6480,299.76,37.575
6840,299.92,37.49
7200,299.92,37.575
7560,300.08,37.84
7920,300.4,37.49
8280,299.915,37.49
8640,300.08,37.4
9000,299.76,37.32
9360,301.37,37.23
9720,300.565,37.055
10080,300.24,37.145
10440,300.24,37.055
10800,300.4,36.97
11160,300.08,37.14
11520,300.4,36.8
11880,300.08,36.885
12240,300.24,37.14
12600,300.4,37.055
12960,300.56,37.14
13320,301.53,36.885
13680,300.4,36.62
14040,300.08,36.625
14400,301.53,35.24
14760,299.27,38.53
15120,300.4,36.535
15480,300.24,36.8
15840,300.4,36.45
16200,300.24,36.535
16560,300.4,36.71
16920,300.89,36.54
17280,300.89,36.71
17640,300.405,36.535
18000,302.015,36.71
18360,300.4,36.885
18720,300.56,36.88
19080,300.565,36.795
19440,300.885,37.315
19800,300.725,36.885
20160,300.725,37.14
20520,300.4,36.71
20880,300.885,37.75
21240,300.565,37.75
21600,301.045,37.23
21960,300.885,37.4
22320,301.045,37.32
22680,301.695,37.575
23040,303.145,37.835
23400,301.05,37.84
23760,300.725,37.75
24120,301.045,38.01
24480,302.5,36.62
24840,301.21,37.925
25200,299.6,39.4
25560,301.045,38.27
25920,301.21,38.36
26280,301.045,38.185
26640,302.5,38.53
27000,301.045,38.79
27360,301.375,38.705
27720,301.375,38.79
28080,301.37,38.88
28440,301.695,39.05
28800,301.21,39.225
29160,301.855,39.57
29520,301.695,39.395
29880,301.695,39.315
30240,302.18,39.225
30600,301.855,39.4
30960,302.015,39.31
31320,302.175,39.745
31680,301.37,40.615
32040,299.6,41.65
32400,299.92,41.65
32760,299.92,41.48
33120,299.92,41.48
33480,299.92,41.83
33840,299.92,42.17
34200,299.92,42
34560,300.56,42.35
35280,300.24,42.17
35640,300.89,42
36000,300.24,41.83
36360,300.24,41.83
36720,300.24,41.65
37080,300.24,41.48
37440,300.56,41.31
37800,300.24,41.83
38160,300.24,41.48
38520,300.89,41.48
38880,300.56,41.65
39240,301.53,41.65
39600,300.89,40.96
39960,301.21,40.61
40320,300.56,41.65
40680,300.89,40.79
41040,300.56,40.61
41400,300.89,40.96
41760,301.21,41.13
42120,301.21,42
42480,300.56,41.83
42840,300.56,42.17
43200,300.56,43.04
43560,300.89,43.21
43920,300.56,43.21
44280,300.89,43.39
44640,301.21,43.56
45000,300.89,44.25
45720,300.89,45.12
46080,301.21,44.77
46440,305.73,45.12
46800,300.24,45.3
47160,301.21,45.12
47520,301.21,45.12
47880,301.21,45.47
48240,301.21,45.64
48600,301.53,45.47
48960,301.21,45.99
49320,300.89,45.3
49680,301.21,45.64
50040,301.21,45.82
50400,301.85,45.64
50760,302.18,45.99
51120,301.85,45.82
51480,301.21,46.34
51840,301.85,46.34
52200,302.5,46.34
52560,303.79,45.99
52920,301.85,46.34
53280,305.73,46.16
53640,302.18,45.64
54000,302.5,45.99
54360,302.5,45.3
54720,302.18,44.6
55080,301.53,44.43
55440,302.5,44.25
56160,302.5,44.77
56520,302.82,44.43
56880,303.15,44.6
57240,303.47,44.08
57600,302.82,43.21
57960,303.15,43.21
58320,303.15,43.21
58680,304.76,44.25
59040,307.02,43.73
59400,303.15,43.73
59760,303.47,43.73
60120,303.47,44.6
60480,303.15,43.73
