#1
double data(2405,3)
0,284.63,23.865
360,284.89,23.865
720,284.805,23.865
1080,247.35,23.54
1800,284.805,23.865
2160,284.805,23.865
2880,322.26,24.19
3240,284.545,23.865
3600,284.89,23.865
3960,284.63,23.865
4320,284.805,23.865
4680,284.72,23.865
5040,284.63,23.865
5400,284.63,23.865
5760,284.805,23.865
6120,284.545,23.865
6480,284.545,23.865
6840,284.805,24.19
7560,Nan,Nan
7920,284.805,23.865
8280,284.805,23.865
8640,284.89,23.865
9000,284.805,23.705
9360,285.065,24.19
9720,284.98,23.705
10080,285.15,23.705
10440,284.98,23.705
10800,284.89,23.705
11160,285.24,23.705
11520,285.15,25.805
12600,285.24,23.545
12960,247.35,23.22
13680,285.24,23.545
14040,285.24,23.705
14400,285.325,23.545
14760,247.35,23.22
15480,285.325,23.545
15840,285.325,23.545
17280,285.325,23.545
17640,285.41,23.545
18000,285.325,23.705
18360,285.24,23.705
18720,285.15,24.03
19080,285.15,23.545
19440,285.325,23.545
19800,285.24,23.545
20160,Nan,Nan
20880,285.24,23.705
21240,285.24,23.545
21600,285.325,23.385
21960,285.5,23.545
22320,285.24,23.545
22680,285.325,23.545
23040,285.585,23.385
23400,285.41,23.545
23760,285.41,23.385
24120,285.5,23.545
24480,285.585,23.545
24840,285.76,23.545
25560,247.35,23.22
25920,285.585,23.545
26280,285.76,23.705
26640,285.845,23.865
27000,285.845,23.865
27360,286.02,24.03
27720,285.76,24.03
28080,324.52,24.19
28800,285.845,23.705
29160,285.5,23.865
29520,323.65,24.19
29880,285.325,24.03
30240,285.585,24.19
30600,285.5,23.865
30960,285.325,24.03
31320,285.325,23.385
31680,285.24,23.865
32040,285.15,23.865
32400,285.15,24.19
32760,285.325,23.705
33120,285.24,23.865
33480,284.98,24.19
33840,284.805,24.35
34560,Nan,Nan
34920,284.98,24.03
35280,284.89,24.19
35640,284.89,24.35
36360,Nan,Nan
36720,284.98,24.35
37080,285.065,24.03
37440,285.065,24.19
37800,284.89,23.705
38160,284.98,24.03
38520,284.72,24.19
38880,284.98,23.865
40320,285.15,24.03
40680,284.89,24.35
41040,284.89,24.025
41400,285.24,24.19
41760,285.065,24.35
42120,Nan,Nan
42480,Nan,Nan
43200,284.89,24.35
43560,285.76,24.03
43920,285.24,24.35
44280,Nan,Nan
45000,285.325,24.35
45360,285.76,24.03
45720,285.325,24.35
46080,Nan,Nan
46800,285.585,24.025
47160,285.845,24.03
47520,285.76,24.35
47880,286.02,23.865
48240,285.845,24.19
58680,334.57,24.51
59040,290.7,24.19
59400,290.7,24.51
59760,290.7,24.19
60120,290.7,24.67
60480,290.79,24.995
60840,291.22,26.285
61200,291.05,24.19
61560,291.31,23.865
61920,291.395,24.19
62280,290.875,24.19
62640,290.7,24.35
63000,290.96,24.19
63360,290.96,24.19
63720,290.96,24.025
64080,290.875,24.025
64440,290.79,24.51
64800,290.875,24.51
65160,290.875,24.19
65520,290.96,24.19
65880,290.96,24.19
66240,291.135,24.19
66600,290.96,23.865
66960,291.135,23.865
67320,290.96,24.19
67680,290.96,24.19
68040,291.135,23.865
68400,291.05,23.865
68760,290.79,23.865
69120,290.7,24.19
69480,290.355,24.35
69840,290.79,23.865
70200,290.96,23.865
70560,290.875,23.865
70920,290.7,23.865
72000,290.27,23.865
72360,247.35,23.87
73080,290.355,24.025
73440,289.92,24.19
73800,289.75,24.35
74160,289.835,24.03
74520,289.75,24.35
75600,289.575,24.03
75960,289.49,24.19
76320,289.315,24.35
76680,289.315,24.51
77040,289.055,24.51
77760,330.93,24.83
78120,289.315,24.19
79200,288.88,24.51
79560,288.88,24.67
79920,288.88,24.67
80280,288.88,24.67
80640,288.62,24.51
81000,288.97,24.19
81360,288.62,24.51
81720,288.445,24.51
82080,288.535,24.51
82440,247.35,24.51
82800,288.535,24.67
83160,288.445,24.83
83520,288.445,24.83
83880,288.36,24.67
84240,288.36,24.835
84600,288.36,25.32
84960,288.36,24.835
85320,288.36,24.835
85680,288.185,24.835
86040,288.275,24.835
0,288.36,24.835
360,288.1,24.835
720,288.275,24.835
1080,288.015,24.835
1440,288.275,24.835
1800,288.015,24.835
2160,288.015,24.995
2520,288.185,24.835
2880,287.925,24.835
3240,287.925,24.995
3600,288.1,24.515
3960,287.755,24.67
4320,287.925,24.67
4680,328.16,24.83
5400,287.84,24.83
5760,287.84,24.67
6120,287.58,24.67
6480,287.665,24.835
6840,287.58,24.67
7200,287.495,24.835
7560,287.495,25.16
7920,287.495,25.16
8280,287.58,24.835
9000,287.58,24.835
9360,287.405,24.67
10080,Nan,Nan
10440,287.58,24.835
10800,287.58,24.835
11160,287.495,24.67
11520,287.405,24.67
11880,287.32,25.155
12240,287.405,24.67
12600,287.405,24.67
12960,287.495,24.67
13320,287.32,24.67
13680,287.32,24.67
14040,287.235,24.67
14400,287.235,24.67
14760,287.235,24.67
15120,287.405,24.67
15480,287.145,24.67
15840,287.405,24.67
16200,287.235,24.995
16560,287.32,24.67
16920,287.405,24.67
17280,287.32,24.83
17640,287.06,24.67
18720,286.975,24.67
19080,287.06,24.83
19440,287.235,24.67
19800,286.975,24.67
20160,286.975,24.67
20520,286.975,24.67
20880,286.975,24.67
21240,287.235,24.67
21600,287.145,24.67
21960,286.975,24.83
22320,287.145,24.67
22680,286.975,24.67
23040,287.145,24.67
23400,286.975,24.67
23760,287.06,24.67
24120,286.885,24.67
24480,287.145,24.67
24840,287.235,24.995
25200,287.235,24.67
25560,287.145,24.67
25920,287.06,24.67
26280,287.06,24.67
26640,287.32,24.67
27000,287.06,24.83
27360,287.235,24.995
27720,287.145,24.995
29160,286.195,25.48
29520,286.54,24.995
29880,286.365,24.835
30240,285.76,24.995
30600,285.935,24.675
30960,Nan,Nan
31680,285.935,24.51
32040,285.585,24.835
32400,285.845,25.48
32760,285.935,24.675
33120,285.845,24.995
33480,285.41,24.995
33840,285.67,24.835
36000,285.845,24.35
36360,285.845,24.835
36720,285.67,24.995
37800,325.21,25.16
38160,285.935,24.835
38520,286.28,24.83
38880,286.455,24.675
39240,286.28,24.83
39600,247.35,24.19
39960,286.885,24.67
43200,287.495,24.995
43560,287.755,24.995
43920,287.84,24.835
44280,288.185,24.995
44640,287.755,24.995
45000,288.275,24.995
45360,287.925,24.835
45720,288.62,24.83
46080,288.1,24.995
46440,288.275,24.835
46800,288.88,24.83
47160,289.055,24.51
47520,288.62,26.93
47880,288.88,24.675
48240,288.795,24.835
48600,288.445,24.835
48960,289.055,24.83
49320,289.14,24.51
49680,289.4,24.51
50040,289.315,24.51
51120,289.66,25.32
51480,288.97,24.835
51840,289.4,24.835
52200,289.66,25.16
52560,289.575,24.835
52920,290.01,24.835
53280,290.18,24.835
53640,290.18,24.67
54000,290.44,24.51
54360,290.44,24.51
54720,290.44,24.51
55080,290.615,24.51
55440,290.355,24.83
56520,290.44,24.51
56880,290.615,24.51
57240,290.7,24.51
57600,290.615,24.51
57960,290.875,24.51
58320,290.875,24.67
58680,290.79,24.67
59040,290.96,24.51
59400,290.875,24.51
59760,290.79,24.51
60120,290.79,24.51
60480,290.79,24.51
60840,291.05,24.51
61200,290.875,24.51
61560,334.4,24.83
62280,290.79,24.51
62640,290.96,24.51
63360,247.35,24.19
63720,290.875,24.835
65880,290.79,24.35
66240,290.96,24.19
66600,291.05,24.19
66960,290.615,24.83
67320,290.355,24.995
67680,290.18,25.16
68040,289.835,25.16
68400,289.835,25.16
68760,290.44,24.51
69120,290.7,24.51
69480,290.18,24.835
69840,289.835,24.995
70200,289.835,25.16
70560,331.8,25.48
70920,289.49,25.32
71280,289.66,25.32
71640,289.575,25.32
72360,331.63,25.48
72720,289.4,25.48
73080,289.49,25.64
73440,289.4,25.64
73800,289.315,25.64
74160,289.23,25.64
74520,289.4,25.64
74880,289.4,25.64
75240,289.315,25.64
75600,289.315,25.64
75960,247.35,25.48
76680,331.28,25.8
77040,289.23,25.64
77400,289.055,25.96
77760,289.23,25.64
78120,289.14,25.64
78480,289.055,25.64
78840,288.88,25.96
79200,288.97,25.64
79560,288.795,25.48
79920,288.88,25.96
80280,288.705,25.48
80640,288.88,25.48
81000,288.795,25.64
81360,288.88,25.48
81720,288.88,25.64
83520,288.62,25.96
83880,288.535,25.48
84240,288.705,25.48
84600,288.705,25.64
84960,288.36,25.48
85320,288.445,25.64
85680,329.54,25.8
1080,247.35,25.16
1440,288.36,25.48
1800,288.275,25.96
2160,288.445,25.48
2520,288.36,25.48
2880,288.185,25.48
3240,288.445,25.48
5400,288.36,25.48
5760,288.1,25.48
6120,288.185,25.48
6480,288.185,25.48
6840,288.275,25.8
7200,288.1,25.8
7560,288.015,25.32
7920,288.185,25.32
8280,288.015,25.32
8640,288.1,25.32
9000,288.015,25.48
9360,288.015,25.8
9720,288.185,25.32
10080,288.1,25.32
10440,287.84,25.32
10800,287.925,25.32
11160,288.015,25.32
11520,287.84,25.32
11880,287.925,25.32
12240,287.925,25.32
12600,287.925,25.8
12960,288.015,25.48
13320,288.185,25.32
13680,287.84,25.32
14040,287.84,25.32
14400,287.755,25.32
14760,287.755,25.32
15120,287.925,25.48
15480,287.755,25.32
15840,287.755,25.64
16200,287.925,25.32
16560,328.33,25.48
16920,288.015,25.155
17280,287.84,25.32
17640,288.015,25.48
18000,287.925,25.32
18360,288.015,25.32
18720,287.84,25.32
19080,287.84,25.16
19440,287.665,25.32
19800,287.84,25.32
20160,287.84,25.155
20880,327.98,25.16
21240,287.84,25.155
21600,287.84,25.32
21960,287.755,25.16
22680,327.98,25.48
23040,287.58,25.16
23400,287.755,25.32
23760,287.755,25.32
24120,287.84,25.32
24480,287.665,25.32
24840,287.665,25.32
25920,287.755,25.32
26280,287.755,25.32
26640,287.84,25.32
27000,287.755,25.965
27360,287.58,25.64
27720,287.665,25.64
28080,287.755,25.64
28440,287.58,25.64
28800,287.58,25.8
29160,287.495,26.285
29520,287.495,25.8
30600,287.235,26.285
30960,287.665,25.96
31320,287.06,26.12
31680,286.885,26.12
32040,286.885,26.445
32760,326.42,26.12
33120,287.06,26.12
33480,286.975,26.12
33840,287.235,26.12
34560,327.12,26.12
34920,287.145,26.285
36360,326.94,26.45
36720,287.235,26.285
37080,287.32,26.61
37440,287.405,26.45
37800,287.145,26.45
38160,287.145,26.61
38520,287.235,26.45
38880,287.32,26.45
39240,287.405,26.45
39600,287.32,26.45
39960,287.405,26.77
40320,247.35,26.77
40680,327.46,26.77
41400,287.58,26.77
41760,327.64,26.77
44280,247.35,27.74
44640,287.755,26.77
45000,287.84,26.77
45360,288.015,26.93
45720,288.185,27.09
46080,329.2,26.77
46800,288.015,26.77
47160,328.85,26.77
47880,247.35,25.16
48240,290.27,25.48
48600,290.44,25.315
48960,290.44,25.155
49320,334.05,25.8
49680,290.615,25.155
50040,290.355,25.155
50400,290.27,25.155
50760,290.355,25.32
51120,290.27,25.155
51480,290.27,25.155
51840,290.355,25.48
52200,290.53,25.155
52560,290.355,25.155
52920,290.53,25.155
53280,290.355,25.32
53640,290.53,24.995
54000,290.44,25.155
54360,290.615,24.835
55080,333.88,25.16
55440,290.875,25.16
55800,290.7,24.835
56160,290.615,24.835
56880,334.4,25.16
57240,290.79,24.835
57600,290.615,24.995
57960,290.79,24.835
58680,334.57,25.16
59040,291.395,25.155
59400,291.31,25.155
59760,291.22,25.32
60120,291.135,25.32
60480,291.31,25.48
60840,291.395,25.155
61200,291.31,25.155
61560,291.395,25.155
61920,291.31,25.155
62280,291.395,25.64
62640,290.7,25.32
63000,290.44,25.64
63360,290.27,25.32
63720,290.53,25.155
64080,290.7,24.835
64440,290.615,24.995
64800,290.875,24.835
65160,290.79,24.835
65520,290.615,24.835
65880,290.7,24.835
66240,290.7,24.995
66600,290.615,24.995
66960,290.53,25.32
67320,290.53,24.835
67680,290.53,24.835
68040,290.7,24.995
68400,290.7,24.835
68760,290.355,24.51
69120,290.44,24.67
69480,290.27,24.51
69840,289.575,25.155
70200,289.23,24.835
70560,289.835,24.675
70920,289.92,24.51
71280,290.095,24.35
71640,290.18,24.51
72000,289.75,24.835
72360,289.315,24.995
72720,289.315,24.995
75600,289.14,25.32
75960,Nan,Nan
76680,289.14,25.32
77040,289.315,24.835
77400,289.055,24.995
77760,288.88,25.32
78120,288.795,25.32
78480,288.97,25.32
78840,288.88,25.32
79200,288.97,25.64
79560,288.97,25.64
79920,288.97,24.835
80280,288.88,27.255
80640,288.705,25.32
81000,288.535,25.48
81360,288.62,25.32
81720,288.62,25.48
82800,288.535,25.64
83160,288.445,25.64
83520,288.445,25.64
83880,247.35,25.8
85680,Nan,Nan
86040,288.275,25.8
360,Nan,Nan
720,288.1,25.64
1080,288.275,25.64
1440,288.185,25.96
1800,288.275,25.64
2160,288.015,27.25
2520,288.015,25.64
2880,288.275,25.64
3240,288.185,25.64
3600,288.1,25.8
3960,288.015,25.8
4320,288.1,25.64
4680,288.1,26.125
5040,288.015,25.48
5400,288.015,25.64
5760,287.925,25.8
6120,288.015,25.48
6480,287.84,25.64
6840,287.925,25.96
7200,287.84,25.64
7560,287.755,25.64
7920,287.925,25.8
8280,287.755,25.48
8640,287.925,25.64
9000,287.925,25.48
9360,287.755,25.48
9720,287.665,25.8
10080,287.755,25.48
10440,287.665,25.48
10800,287.755,25.64
11160,287.58,25.48
11520,287.665,25.48
11880,287.58,25.48
12240,287.58,25.48
13680,287.405,25.8
14040,287.495,25.32
14400,287.235,25.32
14760,287.495,25.32
15120,287.32,25.32
15480,287.495,25.64
15840,287.32,25.48
16200,287.32,25.32
16560,287.405,25.32
16920,287.32,25.32
17280,287.32,25.32
17640,287.235,25.32
18000,287.145,25.32
18360,287.145,25.64
18720,287.235,25.32
19080,287.06,25.32
19440,287.06,25.32
19800,286.975,25.32
20160,287.06,25.8
20520,287.145,25.32
20880,287.145,25.32
21240,287.145,25.32
21600,287.06,25.32
21960,287.145,25.32
22320,286.975,25.8
22680,287.145,25.32
23040,286.975,25.32
23400,286.975,25.32
23760,326.6,25.48
24480,287.145,25.32
24840,286.975,25.32
25200,287.235,25.32
25560,327.12,25.48
26280,287.145,25.48
26640,287.06,25.48
27000,287.145,25.48
27360,287.235,25.64
27720,287.235,25.64
28080,287.06,25.8
28440,326.94,25.8
28800,287.145,25.8
29160,286.975,25.8
29520,286.975,25.96
29880,286.885,25.96
30240,286.885,25.64
30960,325.9,25.8
31320,286.885,26.285
31680,247.35,25.8
32400,286.365,25.64
32760,286.54,25.8
33120,286.975,25.96
33480,286.8,25.96
33840,286.715,25.8
34200,286.8,25.64
34560,286.715,25.96
34920,286.8,25.48
35280,247.35,25.8
36000,286.8,25.64
36360,286.715,25.8
36720,286.715,25.8
37080,286.975,25.64
37440,287.235,25.48
37800,287.665,24.835
38160,247.35,24.19
38880,329.37,24.83
39240,288.445,24.67
39600,288.62,24.67
39960,288.62,24.51
40320,288.62,24.51
40680,288.705,24.67
41040,247.35,23.87
41400,288.97,24.51
41760,289.4,24.19
42120,289.66,24.35
42480,289.92,24.19
42840,289.49,24.35
43200,289.575,24.025
43560,289.75,24.35
43920,289.575,26.125
44280,289.835,24.19
44640,290.01,24.19
45000,289.75,24.025
45360,290.095,24.19
45720,290.18,24.19
46080,290.01,24.19
46440,290.095,24.35
46800,290.18,24.03
47160,290.44,24.19
47520,290.53,24.19
47880,290.7,24.19
48240,290.875,24.19
48600,290.7,24.19
48960,290.875,24.19
49680,247.35,23.87
50040,290.7,24.67
50400,290.79,24.19
50760,334.05,24.51
51480,247.35,24.19
51840,290.875,24.19
52200,290.96,24.19
52560,291.22,24.35
52920,291.395,24.35
53280,291.31,24.35
53640,291.31,24.35
54000,291.395,24.67
54360,291.22,24.51
54720,291.135,24.35
55080,291.31,24.67
55440,291.31,24.35
55800,291.48,24.35
56160,291.57,24.19
56520,291.915,24.19
56880,291.83,24.35
57240,291.83,24.35
57600,291.48,24.19
57960,291.74,24.35
58320,291.83,24.35
58680,291.57,24.19
59040,291.48,24.35
59400,291.22,24.51
59760,291.31,24.35
60120,291.48,24.19
60480,291.395,24.19
60840,291.22,24.19
61200,335.27,24.51
61560,291.22,24.67
63000,291.31,24.19
63360,291.22,24.19
63720,291.05,25.155
64080,290.875,24.35
64440,290.96,24.19
64800,290.96,24.19
65160,290.875,24.19
65520,290.615,24.19
65880,290.355,24.19
66240,290.44,24.35
66600,290.27,26.125
66960,290.355,24.19
67320,332.84,24.51
67680,290.095,26.285
68040,289.835,24.03
69120,289.75,23.865
69480,247.35,24.51
70200,289.23,23.865
70560,289.315,23.865
70920,288.97,23.705
71280,289.055,23.545
71640,288.705,23.545
73800,288.1,23.22
74160,288.1,23.06
74520,288.1,22.9
74880,287.925,22.9
75240,288.015,22.9
75600,287.84,22.9
75960,287.84,22.735
76320,287.84,22.735
77400,287.84,22.575
77760,287.84,22.415
78120,288.015,22.575
78480,287.925,22.9
78840,287.665,22.735
79200,287.145,23.22
79560,247.35,22.58
80280,287.495,22.9
80640,287.145,23.22
81000,287.32,23.22
81360,287.58,23.38
81720,287.06,23.385
82080,287.405,23.38
82440,287.405,23.22
82800,286.975,23.22
83160,287.495,23.06
83520,287.235,23.545
83880,287.32,23.06
84240,287.06,23.87
84600,247.35,22.58
84960,287.145,23.22
85320,287.235,23.22
85680,287.145,23.22
86040,287.06,23.38
0,287.235,23.06
360,327.64,23.54
3600,287.405,23.06
3960,287.32,23.545
4320,287.235,23.385
4680,287.405,23.545
5040,287.235,23.225
5400,287.495,23.38
5760,287.405,24.03
6120,287.06,23.705
6480,287.665,23.38
6840,287.405,23.705
7920,287.145,23.385
8280,287.495,23.385
8640,287.32,23.545
9000,287.235,23.06
9360,287.06,23.385
9720,287.06,23.87
10080,287.145,23.06
10800,286.975,23.545
11160,287.145,23.22
11520,286.885,23.545
11880,286.8,23.22
12240,286.885,23.545
12600,286.8,23.705
12960,287.06,23.06
13320,286.8,23.545
13680,286.625,23.705
14040,286.715,23.22
14400,286.54,23.545
14760,286.54,23.545
15120,286.715,23.06
15480,286.54,23.385
15840,286.625,23.705
16200,286.54,23.385
16560,286.54,23.545
16920,286.54,23.705
17280,286.28,23.225
17640,286.54,23.385
19080,286.8,23.545
19440,286.54,23.705
21600,286.715,23.545
21960,286.715,23.865
22320,286.8,23.865
22680,286.625,23.545
23040,286.8,23.705
23400,286.455,23.865
23760,286.455,23.865
24120,286.625,23.705
24480,Nan,Nan
25200,286.455,23.385
25560,286.54,23.545
25920,286.715,23.865
26280,286.54,23.705
26640,286.54,23.545
27000,286.455,23.865
27360,286.365,23.705
27720,286.625,23.705
28080,Nan,Nan
28800,286.54,23.865
29160,286.365,23.385
29520,286.455,23.865
29880,286.455,23.385
30240,286.195,23.865
30960,286.28,23.705
31320,286.455,24.03
31680,286.455,23.385
32040,286.365,23.865
32400,286.28,23.545
32760,Nan,Nan
33480,286.365,24.19
33840,286.54,23.545
34200,286.54,23.865
34560,286.975,23.385
34920,287.32,24.03
36000,287.58,23.385
36360,287.665,23.54
36720,287.665,23.22
37080,287.665,23.22
37440,287.925,23.38
38160,287.925,23.22
38520,288.185,23.22
38880,288.36,23.22
39240,288.275,23.22
39600,288.705,23.22
39960,288.275,23.545
40320,330.24,23.87
40680,288.97,23.22
41040,289.055,23.38
41400,289.055,23.545
41760,247.35,23.22
42120,288.97,23.545
42480,288.795,23.865
42840,288.88,23.545
43200,289.055,23.545
43560,289.315,23.545
44280,Nan,Nan
44640,289.315,23.705
45000,289.315,23.545
45360,289.575,23.705
45720,289.49,24.03
46080,289.66,23.865
46440,289.66,24.03
46800,289.75,23.865
47160,289.49,24.19
47520,289.575,25.155
47880,289.66,23.865
48240,289.75,23.865
48600,289.75,23.865
48960,289.4,25.8
49320,289.75,24.03
49680,289.575,23.865
50040,289.92,23.865
50400,289.75,23.865
50760,289.835,24.03
51120,290.01,23.865
51480,332.49,24.19
52200,290.01,23.865
52560,290.01,23.705
53280,247.35,23.54
53640,289.92,23.865
54000,290.01,23.865
54360,290.27,24.19
54720,290.27,23.865
55080,290.355,23.865
55440,290.44,24.03
55800,290.27,24.03
56160,290.27,24.03
56520,290.44,23.865
56880,290.615,23.865
57240,290.615,24.03
57600,290.7,24.025
57960,290.53,24.025
58320,290.7,24.03
58680,290.79,25.48
59040,290.615,24.19
59400,290.615,24.19
59760,290.7,24.025
60480,290.79,24.025
60840,290.7,23.865
61200,290.875,23.865
61560,290.875,23.865
61920,290.79,23.865
62280,290.96,23.865
62640,290.875,23.865
63000,290.875,23.865
63360,334.05,24.19
66960,247.35,23.87
67320,290.355,23.545
67680,290.44,23.545
68040,290.355,23.545
68400,290.355,23.385
68760,290.44,23.385
69120,290.44,23.705
69480,290.355,23.385
69840,290.355,23.22
70560,247.35,23.54
70920,290.18,23.06
71280,290.01,23.06
71640,290.18,23.06
72360,290.01,23.06
72720,289.92,22.895
73080,332.32,23.22
73440,289.75,22.735
73800,289.575,22.735
74160,289.4,22.735
74520,289.49,22.735
74880,247.35,22.25
75600,289.23,23.38
75960,288.97,23.22
76320,288.705,25.155
76680,288.795,23.22
77040,288.535,23.54
77400,288.535,23.06
77760,288.535,23.38
78120,288.36,23.38
78480,288.275,23.38
78840,288.275,23.06
79200,288.36,23.865
79560,288.36,23.06
79920,288.1,23.38
80280,288.185,23.06
80640,288.015,23.22
82080,327.81,23.54
82440,287.665,23.22
82800,287.755,23.38
83160,287.58,23.06
83520,287.495,23.385
83880,287.495,23.22
84240,287.32,23.385
84600,287.235,23.22
84960,247.35,22.58
85680,247.35,23.54
86040,287.32,23.22
0,287.145,23.545
360,287.06,23.385
720,287.06,23.545
1080,286.975,23.385
1440,287.145,23.705
1800,287.145,23.225
2160,287.06,23.545
2520,286.975,23.705
2880,286.975,23.545
3240,286.885,23.545
3600,287.06,23.865
3960,286.885,23.385
4320,286.975,23.705
4680,286.8,23.545
5040,286.885,23.705
5400,287.06,23.865
5760,286.885,23.87
6120,286.885,23.545
6480,286.885,24.03
6840,286.8,23.545
7200,286.8,23.705
7560,286.455,23.545
7920,286.8,23.865
8280,286.54,23.545
8640,286.625,23.545
9000,286.715,23.865
9360,286.54,23.545
9720,286.625,23.545
10080,326.08,24.19
11160,247.35,23.54
11520,287.235,23.865
11880,287.145,23.865
12240,287.84,23.865
12600,287.665,23.865
12960,288.1,24.03
13320,288.015,24.03
13680,288.1,24.03
14040,288.445,24.03
14400,288.62,23.865
14760,288.445,24.03
15120,288.795,24.19
15480,288.88,24.19
15840,288.705,24.19
16200,288.97,24.35
16560,288.97,24.19
16920,289.055,23.865
17280,288.445,23.545
17640,288.705,24.03
18000,288.705,23.865
18360,288.705,24.03
18720,288.795,24.03
19080,Nan,Nan
22320,289.315,24.19
22680,289.14,24.19
23040,289.315,24.67
24120,288.705,23.865
24480,288.795,24.03
24840,288.705,24.03
25200,288.36,24.35
25560,288.705,23.865
25920,288.535,24.19
26280,288.795,24.19
26640,288.62,24.19
27720,288.535,23.865
28080,288.36,24.03
28440,288.62,24.19
28800,288.36,23.705
29160,247.35,23.54
29880,329.37,24.19
30240,288.275,23.705
30600,288.185,24.03
30960,247.35,23.54
31680,288.275,24.03
32040,288.1,24.03
32400,287.925,24.03
32760,247.35,23.54
33480,287.58,23.865
33840,287.32,24.03
34200,287.235,24.35
34560,287.06,23.705
34920,287.235,24.03
36000,287.06,23.865
36360,286.975,24.19
36720,286.8,23.865
37080,286.8,23.865
37440,286.8,25.965
37800,286.8,23.705
38160,247.35,24.19
39600,286.455,23.865
39960,247.35,23.22
40680,286.455,23.705
41040,286.28,23.705
41400,286.195,23.865
41760,286.105,23.705
42120,285.935,23.87
42480,247.35,23.22
42840,286.195,23.705
43200,285.845,23.705
43560,285.845,23.705
43920,285.76,23.545
44280,285.845,23.545
44640,285.845,23.87
45000,285.935,23.705
45360,285.845,23.705
45720,285.845,23.545
46080,285.845,23.705
46440,285.845,24.03
46800,285.76,23.865
47160,324.17,24.19
48960,247.35,23.87
49320,285.41,23.705
49680,285.67,23.545
50040,285.76,23.705
50400,285.76,23.705
50760,285.845,23.705
51120,285.76,24.03
51480,285.585,23.705
51840,285.76,23.705
52200,323.82,24.19
52560,285.5,23.705
52920,285.325,23.705
53280,285.5,23.865
53640,285.5,23.545
55080,Nan,Nan
55440,285.41,23.545
55800,285.325,23.545
56160,285.325,23.865
56520,285.41,23.705
56880,285.24,23.545
57600,285.41,23.545
57960,285.41,24.03
58680,323.3,23.87
59040,285.41,23.545
59400,285.325,23.705
59760,285.585,23.385
60120,285.5,23.545
60480,285.67,23.705
60840,285.585,23.545
61200,285.5,23.545
61560,285.585,23.225
61920,285.845,23.705
62280,285.5,23.545
62640,285.67,23.385
63000,285.67,23.545
63360,285.675,23.705
63720,285.5,23.705
64080,285.585,23.385
64440,285.5,23.385
64800,285.67,23.865
65160,285.5,23.705
65520,285.5,23.385
65880,285.585,23.865
66240,285.5,23.545
66600,285.585,23.385
66960,285.845,23.865
67320,285.76,23.545
67680,285.845,23.705
68040,285.935,23.545
68400,285.935,23.87
68760,285.935,23.385
69120,285.845,23.705
69480,285.935,23.545
69840,285.935,23.385
70200,285.76,23.545
70560,285.845,23.545
70920,286.02,23.705
71280,285.845,23.545
71640,285.76,23.865
72000,285.845,23.545
72360,286.105,23.385
72720,285.845,25.32
73080,Nan,Nan
73800,285.935,23.385
74160,Nan,Nan
74880,286.105,23.385
75240,286.195,23.545
75600,286.02,23.385
75960,Nan,Nan
76680,286.105,24.03
77040,286.02,23.545
77400,286.195,23.865
77760,286.195,23.385
78120,286.105,23.865
79560,286.105,23.865
79920,285.935,23.385
80280,286.105,23.545
80640,285.935,23.705
81000,285.845,24.19
81360,285.845,23.545
81720,285.935,23.705
82080,285.935,23.705
82440,285.76,23.545
82800,285.76,24.03
83160,285.935,23.545
83520,285.845,23.865
83880,285.585,23.385
84240,285.845,23.865
84600,285.76,23.385
84960,324.34,23.87
85320,285.845,23.545
85680,285.76,23.705
86040,247.35,23.54
360,Nan,Nan
720,285.76,23.545
1080,285.67,23.545
1440,285.76,23.545
1800,285.67,23.545
2160,285.5,23.705
2520,285.41,23.545
2880,285.5,25.805
3240,285.325,23.865
4680,Nan,Nan
5040,284.98,23.705
5400,284.89,23.865
5760,284.98,23.865
6120,284.89,23.865
6480,284.63,23.545
7200,284.805,24.35
7560,284.805,23.545
7920,284.805,23.865
8280,284.63,24.03
8640,284.63,24.03
9000,284.805,23.545
9360,284.63,23.865
11520,284.545,24.03
11880,284.46,23.865
12240,284.46,24.03
12600,284.37,24.35
12960,284.46,23.865
13680,247.35,24.19
14040,284.46,24.03
14400,284.72,24.35
14760,284.37,24.03
15120,284.63,24.19
15480,284.545,24.03
15840,284.46,24.03
16200,284.46,24.03
16560,284.545,24.03
16920,284.46,24.03
17280,284.37,24.03
17640,284.37,24.03
18000,284.545,24.03
18360,284.545,24.03
20520,284.285,26.125
20880,284.285,23.705
21240,284.37,23.865
21600,284.37,23.865
21960,284.2,23.865
22320,284.025,24.03
24480,284.11,24.35
24840,283.94,24.19
25200,284.11,24.19
25560,284.2,24.35
25920,284.11,24.35
26280,284.285,24.35
26640,284.46,24.03
27000,284.46,24.03
27360,284.37,24.03
27720,284.46,23.865
28080,284.545,23.865
28440,284.72,23.545
28800,284.63,24.03
29160,284.805,23.865
29520,284.46,24.03
29880,284.72,23.865
30240,284.72,23.545
30600,284.89,23.705
31680,321.91,24.19
32040,284.72,23.865
32400,284.63,24.03
32760,285.065,23.705
33120,285.065,23.87
33480,284.72,24.19
33840,284.63,23.705
34200,284.89,23.87
34560,284.72,23.705
34920,285.065,23.705
35280,247.35,22.9
36360,322.26,23.87
36720,284.63,23.705
37080,284.98,23.705
37440,285.065,23.545
37800,284.72,23.705
38160,284.72,23.705
38520,284.89,23.705
38880,284.63,23.705
39240,322.26,24.19
39600,284.98,23.545
39960,284.72,23.705
40320,284.98,23.705
40680,247.35,23.54
42480,284.46,23.865
42840,284.545,24.03
43200,247.35,23.22
43560,284.63,23.705
44280,247.35,23.54
44640,284.63,23.705
45000,284.545,23.705
45360,284.37,23.705
45720,284.285,24.03
46080,321.05,23.87
46800,284.11,23.545
47160,284.11,23.705
47520,284.46,23.865
47880,284.2,23.545
48240,284.285,24.03
48600,284.11,24.03
48960,284.2,23.865
49320,284.025,23.545
49680,283.94,23.545
50040,284.11,23.705
50400,284.11,24.03
50760,284.025,23.545
51480,247.35,23.22
51840,284.11,23.705
54360,247.35,23.22
54720,283.68,23.705
55080,283.94,23.705
55440,283.68,23.865
55800,283.59,23.545
56160,283.68,23.705
56520,283.68,23.545
56880,283.765,23.705
57240,283.68,23.38
57600,283.68,23.545
57960,283.765,23.865
58320,283.505,23.705
58680,283.505,23.705
59040,283.505,23.705
59400,283.68,23.705
59760,319.49,23.87
60480,283.85,23.705
60840,283.42,23.545
61200,283.68,23.545
61560,283.765,23.705
61920,283.42,23.705
62280,283.68,23.545
62640,283.59,23.705
63000,283.59,23.545
63360,283.765,23.705
63720,283.85,23.705
64080,320.18,23.87
64440,283.765,23.865
64800,283.59,23.545
65160,283.59,23.865
65520,283.505,23.385
65880,283.68,23.705
66240,283.68,23.545
66600,283.765,23.54
66960,283.85,24.03
67320,283.94,23.385
67680,283.68,23.705
68040,283.765,23.705
68400,283.85,23.385
68760,283.59,23.705
69120,283.68,23.705
69480,247.35,23.22
70920,283.85,23.87
71280,247.35,23.54
72000,283.68,23.385
72360,283.59,23.865
72720,284.2,23.545
73080,283.94,23.705
73440,284.11,23.545
73800,284.025,24.19
74160,247.35,23.22
74880,321.05,23.87
75240,284.2,23.705
75960,320.7,23.87
76320,283.94,24.03
76680,283.94,23.705
77040,284.285,24.19
77400,284.2,24.03
77760,284.025,23.545
78120,284.2,23.865
79200,284.285,23.865
79560,247.35,23.22
80280,284.285,23.705
80640,284.11,23.385
81000,284.11,23.545
81360,284.37,23.705
81720,284.37,23.545
82080,284.2,23.705
82440,284.2,23.545
83880,284.46,23.545
84240,284.37,24.03
84600,284.46,23.385
84960,284.545,23.865
85320,284.285,24.03
85680,284.46,23.385
86040,284.285,23.545
0,284.37,23.865
360,247.35,23.22
720,284.46,23.545
1080,284.37,23.705
1440,284.63,23.705
1800,284.37,23.545
2160,284.46,23.705
2520,284.46,23.705
2880,284.63,23.545
3240,284.72,23.705
3600,284.72,23.705
3960,284.545,23.705
4320,284.72,23.865
4680,284.805,23.865
5040,285.15,23.705
5400,284.89,23.705
5760,284.89,23.705
6120,284.89,23.705
6480,285.15,23.705
6840,285.065,24.03
7200,284.805,23.545
7560,285.15,23.705
7920,284.98,23.705
8280,284.805,23.87
8640,285.065,24.03
9000,285.15,23.865
9360,285.24,23.705
9720,284.98,23.87
10080,285.325,23.705
10440,322.78,23.87
10800,285.24,23.545
11160,285.15,23.865
11520,285.15,23.705
11880,285.065,23.545
12240,285.24,24.19
12600,284.98,23.705
12960,285.065,23.545
13320,285.24,24.03
13680,285.24,24.03
14400,284.98,23.865
14760,285.15,23.705
15120,285.15,23.545
15480,285.325,23.705
15840,285.325,23.705
16200,285.325,23.865
16560,285.15,23.385
17280,322.78,24.19
17640,285.065,23.865
18000,285.15,23.545
18360,285.24,23.545
18720,285.15,23.865
19080,285.15,23.865
19440,285.325,24.19
19800,285.24,24.03
20160,285.15,24.03
20880,322.95,23.87
21240,285.065,23.865
21600,285.15,24.35
21960,285.325,26.125
22320,285.15,24.03
23400,285.5,24.19
23760,285.5,23.865
24120,285.585,24.03
24480,285.41,23.545
24840,285.5,24.19
25920,285.67,23.545
26280,Nan,Nan
27000,286.02,23.545
27360,286.02,23.865
28080,286.105,26.125
28440,286.105,23.705
28800,286.195,23.865
29160,286.02,24.03
29880,286.105,23.705
30240,285.845,24.03
30600,285.935,23.705
30960,285.845,23.865
31320,285.845,24.03
31680,Nan,Nan
32400,285.5,24.03
32760,285.5,24.03
33120,285.5,23.545
33480,Nan,Nan
34200,285.15,24.19
34560,Nan,Nan
36000,285.065,24.19
36360,Nan,Nan
38160,284.63,24.03
38520,284.63,23.705
38880,284.72,23.865
39240,284.63,23.865
39600,284.46,23.385
39960,284.72,24.03
40320,284.63,24.35
41760,284.805,23.865
42120,284.72,23.705
42480,285.065,23.865
42840,284.89,23.865
43200,321.57,24.19
43560,284.545,23.705
43920,247.35,23.54
44280,284.89,23.705
44640,284.89,23.225
45000,284.98,23.865
45360,284.89,23.545
46080,Nan,Nan
46440,284.46,23.385
46800,284.63,23.865
47160,284.46,23.705
47520,284.37,23.385
47880,284.285,23.865
48240,284.545,24.19
48600,284.285,23.545
48960,284.37,23.865
49680,Nan,Nan
50040,284.72,23.705
51480,Nan,Nan
51840,284.89,23.865
52200,284.805,23.865
52560,285.065,23.545
52920,284.805,23.865
53280,285.065,23.545
53640,284.72,23.705
54000,285.065,23.865
54360,284.98,23.545
54720,285.24,23.865
55080,285.24,24.835
55440,285.15,24.03
58320,286.105,23.545
58680,285.67,23.705
59040,286.105,23.705
59400,286.02,23.545
59760,286.02,23.705
60120,286.105,23.545
60480,286.195,23.705
60840,286.195,23.87
61200,285.935,23.385
61560,286.195,23.87
62280,286.28,23.705
62640,286.365,23.38
63720,286.195,23.865
64080,286.715,23.38
64440,286.54,23.705
64800,286.715,23.22
65160,286.54,24.03
65520,286.455,23.545
65880,286.54,23.705
66240,286.8,23.385
66600,286.8,23.705
66960,286.625,23.385
67320,287.145,23.545
69480,286.715,23.225
69840,286.8,23.06
70200,286.715,23.06
70560,286.54,23.545
70920,286.625,23.38
71280,286.625,23.38
71640,286.195,23.06
72000,286.455,23.54
72360,286.28,23.385
72720,286.54,23.22
73080,286.365,23.385
73440,286.455,23.705
73800,286.105,24.03
74160,286.28,23.22
74520,286.105,23.87
74880,286.105,23.225
75240,286.195,23.545
75600,286.195,23.545
77760,324.86,23.87
78120,286.02,23.705
78480,285.935,23.545
78840,286.02,23.545
79200,285.935,23.705
79560,286.02,23.545
79920,286.02,23.545
80280,286.02,23.865
80640,285.76,23.705
81000,285.76,23.545
81360,285.76,23.705
81720,285.935,23.705
82080,285.76,23.545
82440,286.02,23.865
83160,324.52,23.87
83520,285.935,23.705
83880,285.5,23.705
84240,285.67,23.385
84600,285.76,23.865
84960,285.76,23.865
85320,285.67,23.545
85680,285.585,23.225
86040,285.76,23.705
0,285.845,23.865
360,285.76,23.865
720,285.76,23.385
1080,247.35,23.22
1440,285.67,23.87
1800,285.5,23.865
2160,285.67,23.865
2520,285.585,24.19
2880,323.65,24.19
4320,285.845,23.865
4680,324.34,24.19
5400,285.76,23.865
5760,285.845,26.125
6120,285.76,24.03
6480,285.5,24.19
6840,285.585,23.865
10080,247.35,23.54
10440,285.325,23.865
10800,285.5,23.865
11160,285.5,23.545
11520,285.41,23.545
11880,285.585,23.865
12240,285.325,23.865
12600,285.41,23.865
12960,285.67,23.385
13320,285.67,23.545
13680,285.5,23.705
14040,285.5,23.865
14400,285.585,23.865
14760,285.585,24.19
15120,285.585,23.545
15480,285.5,23.705
15840,285.5,23.865
16200,285.5,23.865
16560,285.67,23.865
16920,285.67,23.865
17280,285.845,23.865
17640,285.76,23.865
18000,285.845,23.865
18360,285.845,23.865
18720,285.935,23.705
19080,285.845,23.545
19440,285.935,23.865
20160,247.35,23.54
20520,286.02,23.865
20880,Nan,Nan
21960,247.35,23.54
22320,325.56,24.19
22680,286.365,24.03
23040,286.625,23.865
23400,286.625,23.865
23760,286.54,23.865
24120,286.625,23.865
24480,286.715,24.03
24840,286.455,23.705
26280,325.73,24.19
26640,286.54,23.705
27000,286.885,23.865
27360,286.715,24.35
27720,286.715,23.865
28080,247.35,23.54
28800,286.455,23.865
29160,286.54,23.545
29520,286.54,24.03
29880,247.35,24.19
30600,286.715,24.03
30960,286.8,23.705
31320,286.885,23.865
31680,247.35,23.87
32400,286.625,23.865
32760,247.35,23.87
36000,286.365,23.705
36360,286.28,23.87
36720,286.455,23.865
37080,286.455,24.19
37440,286.28,23.705
37800,286.455,24.03
38160,286.195,23.865
38520,286.195,23.705
38880,286.365,23.705
39240,286.28,23.705
39600,286.195,23.865
39960,286.28,23.545
40320,286.195,23.865
40680,286.195,23.545
41040,286.365,23.865
41400,286.28,23.705
41760,286.28,24.03
42120,286.455,23.705
42480,286.365,24.03
42840,286.54,23.705
43200,286.28,24.03
43560,286.54,23.705
43920,286.625,23.705
44280,286.71,23.865
44640,247.35,23.22
45000,286.715,23.705
45360,286.625,23.705
45720,286.8,23.705
46080,286.715,23.545
46440,286.885,23.705
46800,286.54,23.705
47160,286.715,23.545
47520,287.145,23.705
47880,286.8,23.705
48240,287.06,23.87
48600,286.8,23.545
48960,287.145,23.385
49320,287.495,23.705
49680,287.32,23.705
50040,287.495,23.865
50400,287.32,23.705
50760,287.665,23.705
51120,287.235,23.865
51480,287.405,23.545
51840,287.665,24.03
52200,287.495,23.705
52560,287.755,23.87
52920,287.58,24.025
53280,287.665,23.705
53640,287.665,24.03
54000,288.015,23.385
54360,288.275,23.385
54720,288.185,23.22
55080,329.54,23.54
55440,287.665,24.03
55800,288.015,23.545
56160,287.665,24.03
56520,287.925,24.03
56880,287.84,24.03
57240,288.185,23.705
57600,287.925,24.03
57960,288.1,23.865
58320,287.84,24.19
58680,288.185,23.865
59040,288.62,23.385
59400,288.535,23.385
59760,288.795,23.385
60120,288.705,23.22
60480,288.795,23.06
60840,288.97,23.06
61200,288.795,23.385
61560,288.1,23.545
61920,288.36,23.545
62280,288.275,23.705
62640,288.445,23.545
63000,288.275,23.545
63360,288.445,23.705
63720,288.1,23.545
64080,288.36,23.545
64440,288.185,24.19
64800,288.445,23.22
65160,288.185,23.705
65520,288.36,24.835
65880,288.705,23.545
66240,288.36,23.06
66600,288.445,23.06
66960,288.36,23.06
67320,288.535,23.22
67680,288.445,23.06
68040,288.445,22.9
68400,288.36,22.735
68760,288.185,22.735
69120,288.275,22.735
69480,288.1,23.22
69840,287.755,23.06
70200,288.015,22.9
70560,288.015,22.735
70920,287.925,22.9
71280,287.84,22.9
71640,287.58,23.22
72000,287.84,22.735
72360,287.405,23.22
72720,287.32,23.38
73080,287.32,23.38
73440,287.06,23.22
73800,287.405,23.06
74160,287.145,23.22
74520,286.8,23.22
74880,287.235,23.38
75240,286.975,23.54
75600,286.885,23.87
75960,286.885,23.06
76320,286.975,23.22
76680,286.715,23.545
77040,286.455,23.22
77400,286.715,23.385
77760,286.715,23.545
78120,286.365,23.545
78480,286.625,23.22
78840,286.54,23.545
79200,286.625,23.705
79560,286.625,23.545
79920,286.625,23.385
80280,286.455,23.545
80640,286.455,23.545
81000,286.365,23.705
81360,286.195,23.385
81720,286.455,23.545
82080,286.455,23.545
82440,286.365,23.865
82800,286.54,23.705
83160,286.625,23.865
83520,286.625,23.865
83880,286.365,23.865
84240,286.365,23.705
84600,286.455,23.705
84960,286.195,24.03
85320,286.455,23.865
85680,286.455,23.865
86040,286.28,23.865
0,286.365,24.19
360,286.455,24.03
720,286.105,23.385
1080,286.195,23.545
1440,324.69,23.87
1800,247.35,23.54
2160,286.195,23.865
2520,286.02,24.35
2880,286.02,23.865
3240,286.365,23.865
3600,286.365,23.865
3960,286.365,23.865
4320,286.28,23.865
4680,286.28,23.865
5040,286.195,24.03
5400,286.54,24.03
5760,286.365,23.865
6120,286.365,23.865
6480,286.54,24.19
6840,286.54,23.865
7200,286.365,23.865
7560,286.455,23.865
7920,286.455,24.03
8280,286.715,24.19
8640,286.625,23.865
9000,286.625,24.35
9360,286.625,23.865
9720,286.54,23.865
10080,286.8,23.865
10440,286.715,23.865
10800,286.8,23.865
11160,286.625,23.865
11520,286.885,24.03
11880,286.8,23.865
12240,286.715,23.865
12600,286.975,23.865
12960,286.975,23.865
13320,286.885,24.03
13680,286.8,24.03
14040,286.975,23.865
14400,286.975,24.03
14760,286.8,24.03
15120,286.625,23.545
15480,286.455,23.705
15840,286.54,23.865
16200,286.455,25.965
16560,286.54,23.865
16920,286.8,24.03
17280,286.885,23.865
17640,286.8,23.865
18000,286.625,23.385
18360,286.54,23.87
18720,286.54,23.705
19080,286.885,23.865
19440,286.8,23.865
19800,286.8,23.865
20160,286.8,24.35
20520,286.975,23.865
20880,286.885,23.865
21240,286.975,23.865
21600,287.06,23.865
21960,287.06,24.19
22320,287.145,23.865
22680,286.885,23.865
23040,287.235,24.35
23400,287.235,23.865
23760,287.145,23.865
24120,287.235,23.865
24480,287.145,23.865
24840,287.145,24.19
25200,287.145,24.03
25560,287.145,24.03
25920,287.06,26.285
26280,287.145,24.03
26640,287.06,24.19
27000,287.06,23.705
27360,286.715,23.865
27720,286.885,24.03
28080,286.625,23.865
28440,286.8,24.03
28800,286.54,23.865
29160,286.195,24.35
29520,286.195,23.705
29880,286.195,23.865
30240,286.02,23.865
30600,286.02,23.865
30960,285.935,23.705
31320,286.02,24.19
31680,285.845,25.8
32040,285.935,23.705
32400,285.845,24.35
32760,285.76,23.705
33120,285.76,24.03
33480,285.5,23.385
33840,286.02,24.03
34200,324.17,24.19
34560,285.585,23.545
34920,285.5,24.03
35280,247.35,22.9
36000,286.365,23.385
36360,286.02,23.865
36720,285.845,23.545
37080,286.105,23.545
37440,285.935,23.705
37800,285.585,23.38
38160,285.935,23.385
38520,285.67,23.545
38880,247.35,24.19
39960,322.95,24.19
40320,285.325,23.545
40680,284.89,23.87
41040,285.325,23.545
41400,285.065,23.705
41760,285.325,23.705
42120,285.325,23.545
42480,285.15,23.865
42840,285.24,23.545
43200,285.325,23.87
43560,285.15,23.545
43920,285.325,23.705
44280,285.15,23.865
44640,285.67,23.705
45000,285.325,23.865
45360,247.35,23.22
46080,247.35,23.87
46440,285.5,23.705
46800,285.5,24.03
47160,285.5,24.03
47880,247.35,24.19
48240,285.5,23.705
48600,285.845,24.03
48960,285.845,24.03
49320,286.195,23.385
49680,286.195,23.705
50040,285.845,23.865
51120,285.935,23.865
51480,286.195,23.385
51840,286.28,23.865
52200,286.28,23.705
52560,286.54,23.545
52920,286.455,24.03
53280,286.715,23.705
53640,287.145,23.545
54000,287.405,23.385
54360,287.495,23.22
54720,287.405,23.545
55080,287.58,23.385
55440,287.665,23.54
55800,287.755,23.545
56160,287.665,23.54
56520,287.58,23.22
56880,287.84,23.38
57240,287.84,23.545
57600,288.015,23.385
57960,328.68,23.54
58680,247.35,22.58
59040,288.1,23.06
59760,247.35,22.25
60120,288.1,23.06
60480,288.36,23.06
60840,288.275,23.22
61200,288.36,23.06
61560,288.015,23.54
61920,287.84,23.22
63000,288.36,22.9
63360,288.275,23.545
63720,287.755,23.38
64080,287.84,23.38
64440,287.755,23.54
64800,287.665,23.06
65160,288.1,23.06
65520,288.015,23.38
65880,287.58,23.385
66240,287.925,23.38
66600,287.665,23.385
66960,328.85,23.54
68400,287.665,23.865
68760,287.495,23.705
69120,287.32,23.22
69480,287.32,23.385
69840,287.145,23.705
70200,287.405,23.22
70560,287.145,23.545
70920,287.145,23.06
71280,286.885,23.545
71640,286.8,23.38
72000,286.715,23.22
72360,286.455,23.545
72720,286.715,23.22
73080,286.365,23.545
73440,286.28,23.545
73800,286.365,23.385
74160,286.195,23.545
74520,286.105,23.545
74880,286.28,23.385
75240,286.28,23.545
75600,286.28,23.705
75960,247.35,27.41
77400,285.845,23.87
77760,286.105,23.865
78120,285.935,23.385
78480,286.02,23.545
78840,285.845,23.705
79200,285.845,23.545
79560,285.76,23.385
79920,285.76,23.545
80280,285.845,25.805
80640,285.935,23.865
81360,324.34,23.87
81720,285.845,23.865
82080,285.585,23.545
82440,285.76,23.385
82800,285.585,23.545
83160,285.76,24.03
83520,285.76,23.705
83880,285.67,23.385
84240,285.845,23.545
84960,324.52,23.87
85320,285.935,23.87
85680,285.845,24.19
86040,286.02,23.865
0,285.935,23.545
360,285.935,23.545
720,285.67,23.705
1080,285.76,23.865
1440,285.935,23.865
1800,286.02,23.865
2160,285.845,23.865
2520,247.35,23.54
2880,324.17,24.19
3960,247.35,23.22
4320,286.02,23.865
4680,285.935,24.03
5040,286.02,23.865
5400,285.935,23.705
5760,286.195,23.705
6120,286.195,24.19
6480,285.845,23.865
6840,286.02,23.865
7200,286.02,23.865
7560,286.105,23.705
7920,286.105,23.545
8280,286.105,23.545
8640,286.28,23.865
9000,286.105,23.865
9360,325.04,24.19
10080,247.35,23.54
10440,286.365,23.865
10800,286.28,24.19
11160,286.365,23.705
11520,286.365,23.865
11880,325.56,24.19
12600,286.455,23.865
12960,286.54,23.865
13320,325.73,24.19
13680,286.8,23.545
14040,286.625,25.48
14400,286.625,23.865
14760,286.8,23.865
15120,286.715,23.865
15480,287.06,24.19
15840,287.145,23.865
16920,287.145,23.865
17280,287.32,23.865
17640,287.145,23.865
18000,287.32,23.865
18360,287.405,23.865
18720,287.32,23.865
19080,287.405,23.865
19440,287.32,23.865
19800,287.665,23.865
20160,287.58,24.03
20880,328.16,24.19
21240,287.495,23.865
21600,287.58,23.865
21960,287.84,23.865
22320,287.665,23.865
22680,287.84,23.865
23040,287.84,23.865
23400,287.665,23.865
23760,287.755,23.865
24120,287.84,24.19
24480,287.84,23.865
24840,287.84,24.03
25560,Nan,Nan
25920,287.84,24.35
26280,287.925,24.03
26640,288.015,24.19
27000,287.84,24.03
27360,287.755,24.03
27720,287.665,23.865
28080,287.925,24.03
28440,287.84,24.03
30600,287.405,23.865
30960,287.32,23.865
31680,287.405,23.865
32040,287.32,24.03
32400,287.06,23.865
32760,287.32,24.03
33120,286.975,24.03
33480,286.8,23.705
33840,286.885,23.865
34200,286.8,24.19
34560,286.8,24.03
34920,286.8,24.03
35280,Nan,Nan
36000,286.28,24.03
36360,286.54,24.35
36720,286.365,23.865
37080,286.195,23.865
37440,286.195,24.03
37800,286.105,24.03
38160,286.02,24.025
38520,286.105,23.705
38880,285.845,23.705
39240,286.02,23.865
39600,285.67,23.705
39960,285.76,23.865
40320,285.5,23.545
40680,285.41,23.865
41040,285.24,23.705
41400,285.15,23.705
41760,285.15,24.19
42120,285.15,23.705
42480,285.065,23.545
42840,284.98,24.03
43560,285.065,23.705
43920,284.98,23.865
44280,285.15,23.705
44640,284.89,23.705
45000,284.805,23.865
45360,284.805,23.705
45720,284.805,23.705
46080,Nan,Nan
46440,284.98,23.865
46800,285.065,23.545
47160,284.805,23.865
47880,Nan,Nan
48240,284.98,23.865
48600,284.72,23.385
48960,285.065,23.865
49320,284.89,23.225
49680,285.24,23.865
50040,285.24,23.545
50400,285.15,24.03
50760,285.5,23.865
51120,285.41,23.385
51480,285.24,23.865
52200,285.5,24.03
52560,285.585,24.03
52920,285.325,23.545
53280,285.845,23.865
53640,285.76,23.705
54000,285.67,24.03
54360,285.845,23.545
54720,285.845,23.865
55080,286.02,24.19
55800,285.845,23.865
56160,285.935,23.545
57240,286.02,23.705
57600,286.195,23.705
57960,286.28,23.865
58320,286.105,23.705
58680,286.02,24.03
59040,286.195,23.865
59400,286.105,23.865
59760,286.105,23.865
60120,286.195,23.865
60480,286.195,23.865
60840,286.28,23.545
61200,286.195,23.865
61560,286.195,23.545
61920,286.02,23.705
62280,286.02,23.865
62640,286.195,23.545
63000,286.105,23.865
63360,286.365,23.545
63720,285.935,23.385
64080,286.195,23.705
64440,286.28,23.385
64800,286.365,23.545
65160,286.195,23.225
65880,285.76,23.705
66240,285.935,23.22
66600,285.845,23.545
66960,286.02,23.545
67680,285.845,23.865
68040,285.935,23.22
68400,285.76,23.545
68760,285.67,23.705
69120,285.585,23.385
69480,285.585,23.385
69840,285.67,23.705
70200,285.76,23.545
70560,285.67,23.545
70920,285.5,23.385
71280,285.585,23.545
71640,285.76,23.705
72000,285.5,23.705
72360,323.99,23.87
73080,285.67,23.705
73440,285.5,23.385
73800,285.67,23.545
74160,285.76,23.705
74520,285.585,23.865
74880,285.41,23.545
75240,285.76,23.705
75600,285.585,25.965
77760,285.5,23.385
78120,285.585,24.19
78480,285.5,23.545
78840,324.34,24.19
79200,285.67,23.705
79560,247.35,22.58
81000,285.845,24.03
81360,247.35,23.87
82080,324.34,24.19
82440,285.845,23.865
82800,285.935,23.865
83160,285.845,23.545
83520,285.845,24.03
83880,286.02,23.705
84240,285.935,24.35
84600,286.105,23.865
84960,286.195,23.865
85320,286.02,23.545
85680,286.105,23.545
86040,285.935,23.705
0,286.105,23.865
360,286.02,23.865
720,285.935,23.865
1080,286.195,23.705
1440,286.105,23.545
1800,286.28,23.705
2160,286.28,23.865
2520,286.28,23.865
2880,286.365,23.865
3240,247.35,23.87
4680,247.35,23.54
5040,286.195,23.705
5400,286.02,23.545
5760,286.28,23.705
6120,286.195,23.865
6480,286.105,24.03
6840,286.28,23.865
7200,286.02,23.545
7560,286.02,23.705
8280,247.35,24.19
8640,285.935,25.48
10080,247.35,23.54
10440,286.625,23.865
10800,286.455,24.19
11160,286.715,23.865
11880,247.35,23.54
12240,286.54,23.865
13680,247.35,23.87
14040,286.885,24.03
14400,286.885,23.865
14760,286.715,23.865
15120,286.625,23.865
15480,286.885,24.19
15840,286.8,23.865
16200,286.8,24.03
16560,286.975,23.865
16920,286.975,23.865
17280,286.885,23.865
17640,286.8,23.865
18000,286.885,23.865
18360,286.8,23.865
18720,286.885,23.865
19080,287.145,23.865
19440,286.8,23.865
20160,247.35,23.54
20520,286.975,23.865
20880,287.06,23.705
21240,287.06,23.865
21600,286.885,23.865
21960,286.975,23.865
22320,286.975,23.705
22680,287.145,23.865
23040,287.06,23.865
23400,286.975,23.865
23760,286.975,23.865
24120,286.885,23.865
24480,286.975,23.865
24840,286.885,23.865
25200,326.6,24.19
25560,286.975,23.865
25920,286.885,24.03
26280,286.8,23.865
26640,286.885,23.705
27000,287.06,24.03
27360,286.975,23.865
27720,286.885,24.03
28080,287.06,23.865
28440,286.975,23.705
29520,286.885,24.03
29880,286.885,23.865
30240,286.885,24.03
30600,286.975,23.865
30960,286.8,24.03
31320,286.885,24.03
31680,286.975,24.03
32040,286.8,24.03
32400,287.06,24.03
32760,247.35,23.87
33480,326.42,24.19
33840,286.8,24.35
34200,286.885,24.19
34560,286.715,23.705
34920,286.54,23.06
35280,247.35,22.9
36000,285.845,23.06
36360,285.845,22.735
36720,285.67,23.22
37080,285.67,22.735
37440,285.41,23.865
37800,285.5,25.315
38160,285.76,22.9
38520,285.76,23.06
38880,285.325,23.22
39240,285.325,23.22
39960,322.43,23.22
40320,284.72,22.735
41400,284.285,22.735
41760,284.025,22.575
42120,283.765,22.575
42480,283.59,22.735
42840,283.33,22.895
45360,320.53,23.22
45720,283.85,22.735
46080,283.68,23.06
46440,283.765,22.9
46800,247.35,21.93
47160,283.85,22.735
47520,283.42,22.9
47880,283.42,22.575
48240,283.33,22.735
48600,283.33,22.9
48960,283.245,22.895
49320,283.07,23.22
49680,283.16,22.9
50040,283.33,22.895
50400,283.42,23.06
50760,283.42,22.735
51120,283.765,22.735
51480,283.59,22.9
51840,283.68,22.735
52200,283.68,22.9
52560,319.83,22.9
53280,247.35,22.25
53640,283.59,23.06
54000,283.59,23.06
54360,283.505,23.06
54720,283.33,23.22
55080,283.42,22.735
55440,283.505,22.575
55800,283.245,24.835
56160,319.49,23.22
56880,247.35,21.93
57240,284.46,23.06
57600,284.37,22.735
57960,322.43,22.9
58320,284.89,22.575
58680,284.98,22.9
59040,285.065,22.415
59400,285.235,23.06
59760,284.98,22.735
60120,284.98,22.415
60480,284.545,23.38
60840,284.63,22.575
61200,284.11,22.575
61560,284.285,22.575
62280,320.18,23.22
62640,283.765,22.415
63000,284.025,22.575
63360,283.765,22.74
63720,284.46,22.575
64080,284.72,22.575
64440,284.89,22.735
64800,285.5,22.575
65160,286.28,22.095
65880,327.81,22.58
66240,287.925,22.255
66600,288.185,22.58
66960,288.62,22.415
67320,289.055,22.575
67680,289.23,22.415
68040,289.575,22.575
70200,290.27,22.9
70560,290.355,23.06
70920,290.27,23.06
71280,290.18,23.06
71640,289.75,23.22
72000,288.795,23.38
72360,288.88,23.38
72720,289.315,23.38
73080,289.315,23.22
73440,289.23,23.22
73800,289.055,23.38
74160,288.795,23.705
74520,288.705,23.54
74880,Nan,Nan
75600,288.36,24.67
75960,288.36,23.38
76320,288.275,23.705
76680,288.1,23.545
77040,287.925,23.705
77400,287.755,23.705
77760,247.35,23.22
78480,287.32,23.705
78840,287.32,24.03
79200,287.145,23.705
79560,287.145,23.87
79920,286.8,25.805
80280,286.975,23.705
80640,286.715,23.705
81360,286.455,23.705
81720,286.54,23.865
82080,Nan,Nan
82800,286.105,24.03
83160,286.105,24.03
83520,286.195,24.03
83880,285.76,24.03
84240,285.935,24.03
84600,285.67,24.03
84960,Nan,Nan
