#1
double data(1951,3)
0,267.437,45.308
360,269.367,45.23
720,269.668,45.435
1080,269.222,45.368
1440,267.37,45.675
1800,270.167,45.962
2160,258.708,46.003
2520,268.043,46.093
2880,258.963,46.372
3240,260.232,46.025
3600,270.425,45.498
3960,286.668,45.313
4320,292.152,45.447
4680,295.315,46.073
5040,295.888,46.812
5400,295.873,47.4
5760,295.812,47.978
6120,295.708,48.333
6480,295.635,48.42
6840,280.768,48.708
7200,272.298,48.98
7560,264.785,49.33
7920,255.178,49.743
8280,254.997,50.18
8640,266.483,50.503
9000,242.432,50.99
9360,247.432,51.34
9720,271.087,51.512
10080,295.095,51.732
10440,295.083,51.713
10800,294.997,51.925
11160,294.02,52.292
11520,291.247,52.682
11880,293.5,53.05
12240,294.282,53.457
12600,294.473,53.887
12960,294.54,54.143
13320,294.58,54.207
13680,294.548,54.41
14040,294.507,54.725
14400,294.477,54.998
14760,294.5,55.167
15120,294.503,55.203
15480,294.478,55.323
15840,294.472,55.515
16200,294.487,55.52
16560,294.453,55.495
16920,294.432,55.437
17280,294.367,55.48
17640,294.302,55.677
18000,294.288,55.823
18360,294.317,55.712
18720,294.207,56.045
19080,294.132,56.435
19440,294.112,56.838
19800,293.965,57.29
20160,293.592,59.062
20520,274.76,60.857
20880,293.68,61.925
21240,293.708,62.22
21600,293.793,62.092
21960,293.75,61.54
22320,293.725,61.508
22680,293.702,61.253
23040,293.628,61.713
23400,293.578,61.637
23760,293.572,61.273
24120,293.59,61.403
24480,293.627,61.037
24840,293.63,60.72
25200,293.58,61.205
25560,293.518,61.88
25920,293.31,62.928
26280,293.065,65.237
26640,292.993,65.702
27000,292.82,67.812
27360,292.617,68.963
27720,292.438,71.26
28080,292.34,72.168
28440,292.268,73.438
28800,292.298,73.595
29160,292.482,72.962
29520,292.565,73.445
29880,292.678,72.615
30240,292.808,71.985
30600,292.993,71.415
30960,293.373,70.755
31320,293.303,70.098
31680,293.183,70.475
32040,293.487,69.377
32400,293.342,69.495
32760,293.342,69.265
33120,293.315,69.485
33480,293.538,69.387
33840,293.735,68.392
34200,293.85,67.89
34560,293.94,66.262
34920,293.767,68.473
35280,293.46,70.642
35640,293.448,72.267
36000,293.45,74.792
36360,293.642,71.948
36720,293.643,71.698
37080,293.61,71.328
37440,293.528,71.357
37800,293.705,71.515
38160,293.855,71.787
38520,293.942,71.08
38880,293.868,72.233
39240,293.763,72.237
39600,293.702,71.397
39960,294.075,69.697
40320,294.012,69.903
40680,293.835,71.995
41040,293.86,72.187
41400,294.248,70.732
41760,294.778,68.685
42120,294.968,68.068
42480,294.752,68.032
42840,294.843,65.958
43200,294.81,65.345
43560,294.8,65.05
43920,295.203,63.212
44280,295.302,62.38
44640,295.152,62.803
45000,294.948,62.925
45360,295.377,60.925
45720,295.47,58.995
46080,295.328,58.338
46440,295.493,57.527
46800,295.342,57.565
47160,295.285,59.775
47520,295.54,58.767
47880,295.478,58.31
48240,295.367,59.255
48600,295.515,60.4
48960,295.535,58.695
49320,295.45,55.942
49680,295.357,55.693
50040,295.5,55.285
50400,295.438,54.497
50760,295.415,54.438
51120,295.578,53.507
51480,295.513,53.152
51840,295.528,52.642
52200,295.757,52.962
52560,295.648,51.81
52920,295.527,52.77
53280,295.513,53.372
53640,295.44,54.347
54000,295.583,54.343
54360,295.097,57.348
54720,294.482,61.608
55080,294.1,64.202
55440,293.887,67.43
55800,293.532,68.782
56160,293.362,68.852
56520,293.252,72.122
56880,293.133,72.932
57240,293.153,72.512
57600,292.982,74.557
57960,292.788,74.883
58320,243.002,74.193
58680,232.035,73.428
59040,232.818,72.108
59400,232.263,73.072
59760,232.373,76.285
60120,235.208,78.187
60480,257.033,77.915
60840,274.897,79.3
61200,260.953,79.538
61560,282.445,79.24
61920,291.273,78.473
62280,291.752,76.838
62640,292.032,77.032
63000,292.192,77.503
63360,292.127,78.007
63720,292.337,78.707
64080,292.1,80.74
64440,291.695,84.152
64800,291.59,86.07
65160,291.755,87.433
65520,291.682,88.905
65880,291.652,90.123
66240,291.575,90.502
66600,291.478,89.858
66960,291.573,90.17
67320,291.49,91.252
67680,291.372,91.667
68040,291.215,91.423
68400,291.273,91.628
68760,291.212,91.342
69120,291.353,91.662
69480,291.352,91.948
69840,291.155,91.58
70200,291.155,90.707
70560,291.278,90.895
70920,291.315,90.975
71280,291.378,91.272
71640,291.348,91.833
72000,291.317,91.92
72360,291.368,91.582
72720,291.423,91.855
73080,291.48,92.163
73440,291.472,92.083
73800,291.502,91.345
74160,291.487,91.365
74520,291.445,91.202
74880,291.492,91.012
75240,291.505,90.655
75600,291.607,90.43
75960,291.602,90.5
76320,291.593,90.017
76680,291.618,89.717
77040,291.708,89.747
77400,291.74,89.435
77760,291.785,88.942
78120,291.868,88.777
78480,291.838,88.903
78840,291.993,89.62
79200,292.01,90.047
79560,291.932,90.233
79920,291.928,89.647
80280,292.115,88.312
80640,292.197,86.582
81000,292.337,85.447
81360,292.432,84.133
81720,292.483,83.665
82080,292.567,82.74
82440,292.637,83.187
82800,292.637,84.102
83160,292.645,84.332
83520,292.705,83.787
83880,292.74,83.86
84240,292.662,84.615
84600,292.623,84.697
84960,292.527,85.117
85320,292.402,86.058
85680,292.36,86.538
86040,289.1,80.067
0,292.425,86.652
360,292.387,86.623
720,292.373,86.97
1080,292.388,87.078
1440,292.463,86.793
1800,292.452,86.555
2160,292.395,87.06
2520,292.393,87.758
2880,292.343,87.92
3240,292.34,87.625
3600,292.298,87.433
3960,292.322,87.633
4320,292.243,88.847
4680,292.232,89.723
5040,292.253,89.797
5400,292.227,89.192
5760,292.228,88.97
6120,292.225,88.563
6480,292.248,88.318
6840,292.265,87.868
7200,292.237,87.503
7560,292.248,87.247
7920,292.287,86.972
8280,292.278,86.77
8640,292.29,86.782
9000,292.282,86.492
9360,292.22,86.11
9720,292.202,86.1
10080,292.233,86.352
10440,292.228,86.487
10800,292.208,86.568
11160,292.12,86.618
11520,292.025,86.518
11880,292.053,86.238
12240,291.933,85.958
12600,291.825,85.89
12960,291.793,86.057
13320,291.748,86.133
13680,291.74,86.075
14040,291.777,85.852
14400,291.777,85.698
14760,291.733,85.808
15120,291.685,86.04
15480,291.677,85.96
15840,291.717,85.683
16200,291.74,85.15
16560,291.665,84.965
16920,291.593,84.652
17280,291.573,84.453
17640,291.592,83.582
18000,291.648,83.305
18360,291.61,82.875
18720,291.655,82.123
19080,291.588,82.548
19440,291.555,82.667
19800,291.522,82.495
20160,291.555,82.283
20520,291.567,82.315
20880,291.533,82.29
21240,291.425,82.84
21600,291.36,83.402
21960,291.338,83.585
22320,291.372,83.602
22680,291.383,83.68
23040,291.325,83.883
23400,291.312,84.148
23760,291.367,83.812
24120,291.478,82.953
24480,291.582,82.452
24840,291.697,82.515
25200,291.842,82.45
25560,291.7,83.422
25920,291.753,83.733
26280,291.872,83.355
26640,292.007,82.908
27000,292.318,81.86
27360,292.423,80.973
27720,292.56,80.612
28080,292.622,79.97
28440,292.678,80.148
28800,292.692,79.873
29160,293.057,79.112
29520,293.168,77.797
29880,292.885,79.437
30240,292.957,78.985
30600,293.283,77.28
30960,293.398,76.993
31320,293.86,74.777
31680,260.802,72.995
32040,223.65,72.79
32400,223.273,71.748
32760,223.238,70.883
33120,223.23,69.322
33480,223.213,69.367
33840,223.218,69.093
34200,223.215,68.75
34560,223.215,69.23
34920,223.225,68.66
35280,223.208,68.13
35640,223.22,68.855
36000,223.257,68.1
36360,225.437,68.238
36720,231.32,69.157
37080,229.327,71.345
37440,223.382,68.458
37800,223.402,69.063
38160,223.322,67.833
38520,223.393,68.335
38880,224.38,68.292
39240,225.433,67.333
39600,234.742,67.225
39960,256.955,64.788
40320,295.822,62.792
40680,296.535,64.073
41040,296.463,64.672
41400,295.968,65.408
41760,296.26,65.373
42120,297.118,62.197
42480,297.088,62.782
42840,296.72,63.473
43200,296.857,62.333
43560,297.185,60.297
43920,297.267,59.547
44280,296.885,60.337
44640,297.67,58.02
45000,297.443,58.258
45360,297.187,58.625
45720,298.085,55.808
46080,298.15,55.79
46440,297.905,56.205
46800,297.743,55.71
47160,298.438,54.343
47520,298.018,55.42
47880,298.312,55.18
48240,298.823,53.427
48600,298.497,54.133
48960,298.893,52.907
49320,298.742,53.265
49680,298.818,52.742
50040,298.908,52.807
50400,300.067,50.368
50760,300.113,49.263
51120,299.508,51.383
51480,299.737,51.202
51840,300.248,49.435
52200,299.827,49.307
52560,299.477,49.41
52920,300.07,47.927
53280,300.023,48.882
53640,300.273,48.198
54000,300.603,47.233
54360,300.178,47.207
54720,300.07,47.113
55080,300.175,47.077
55440,300.627,46.477
55800,301.685,44.155
56160,301.955,43.49
56520,300.945,46.585
56880,300.883,46.26
57240,300.675,47.203
57600,301.627,44.56
57960,301.078,46.747
58320,300.892,47.885
58680,300.782,47.708
59040,300.878,47.288
59400,300.895,46.998
59760,300.652,48.567
60120,300.802,47.858
60480,301.313,46.65
60840,301.02,46.695
61200,301.148,47.353
61560,301.097,46.565
61920,301.435,45.955
62280,301.072,47.113
62640,301.285,46.062
63000,301.092,46.148
63360,301.535,46.575
63720,301.087,47.692
64080,301.252,46.622
64440,301.522,46.39
64800,301.028,47.135
65160,300.928,47.352
65520,301.097,46.782
65880,301.3,46.543
66240,301,47.612
66600,300.962,48.1
66960,301.045,48.33
67320,300.915,49.56
67680,300.902,49.578
68040,300.632,49.388
68400,300.757,49.093
68760,300.637,48.5
69120,300.723,48.085
69480,300.297,48.803
69840,243.777,49.263
70200,234.35,49.045
70560,235.977,49.315
70920,234.783,50.5
71280,233.682,51.12
71640,234.347,51.9
72000,234.55,52.755
72360,261.373,52.51
72720,297.555,53.328
73080,299.348,53.967
73440,266.585,54.552
73800,285.847,55.238
74160,299.512,55.828
74520,285.55,56.75
74880,224.533,57.297
75240,223.81,57.433
75600,270.883,57.342
75960,299.04,57.363
76320,299.075,57.43
76680,299.093,57.487
77040,299.04,57.662
77400,299.038,57.8
77760,298.995,57.703
78120,298.942,58.12
78480,298.82,58.668
78840,298.842,58.387
79200,298.858,58.045
79560,298.767,58.63
79920,298.705,58.983
80280,298.613,59.757
80640,298.465,60.742
81000,298.367,61.198
81360,298.152,61.528
81720,297.013,61.792
82080,247.217,62.145
82440,239.937,62.595
82800,264.448,62.627
83160,267.81,62.645
83520,257.53,63.567
83880,239.13,63.993
84240,242.993,64.397
84600,250.64,64.375
84960,269.842,63.477
85320,268.245,64.042
85680,277.76,64.232
86040,248.658,68.138
0,255.253,64.603
360,263.378,65
720,227.027,65.272
1080,225.06,64.9
1440,223.627,65.187
1800,223.685,65.957
2160,223.807,66.378
2520,224.69,66.325
2880,224.565,66.63
3240,224.757,66.787
3600,226.083,67.042
3960,226.67,67.045
4320,232.36,66.91
4680,241.582,66.695
5040,231.402,66.43
5400,226.247,66.573
5760,226.46,66.97
6120,226.263,67.293
6480,224.112,67.512
6840,226.042,68.203
7200,230.612,68.732
7560,231.793,68.855
7920,230.053,68.795
8280,227.817,68.397
8640,227.698,68.242
9000,226.502,68.75
9360,225.31,69.298
9720,224.955,69.52
10080,242.628,70.187
10440,295.612,70.99
10800,281.873,71.312
11160,292.662,71.387
11520,248.812,72.327
11880,258.58,72.472
12240,264.285,72.588
12600,289.215,72.612
12960,285.615,72.697
13320,273.592,73.098
13680,274.065,72.958
14040,279.762,73.042
14400,270.41,73.15
14760,263.772,73.288
15120,261.765,73.628
15480,261.913,74.168
15840,266.053,74.29
16200,272.238,74.173
16560,294.648,73.945
16920,295.37,73.49
17280,295.448,73.228
17640,295.417,73.333
18000,295.305,73.728
18360,295.268,73.652
18720,295.303,73.498
19080,295.3,73.285
19440,295.222,73.728
19800,295.127,73.967
20160,295.075,74.1
20520,295.023,74.437
20880,294.925,75.02
21240,294.878,75.372
21600,294.872,75.623
21960,294.78,76.052
22320,294.758,76.138
22680,294.798,76.263
23040,294.733,76.742
23400,294.698,77.018
23760,294.788,76.69
24120,294.872,76.223
24480,294.927,75.998
24840,294.978,75.683
25200,294.315,75.458
25560,239.548,75.037
25920,223.383,75.88
26280,223.225,76.007
26640,223.208,74.707
27000,223.178,73.702
27360,223.152,72.602
27720,223.163,71.687
28080,223.232,72.432
28440,223.205,71.617
28800,223.255,70.955
29160,223.282,71.15
29520,223.268,69.703
29880,223.213,68.943
30240,223.212,68.807
30600,223.178,69.145
30960,223.168,69.253
31320,223.178,68.75
31680,223.205,68.703
32040,223.357,65.183
32400,223.213,65.755
32760,223.185,65.853
33120,223.152,65.407
33480,223.245,64.557
33840,225.655,63.605
34200,271.072,63.617
34560,297.813,63.277
34920,298.503,60.982
35280,298.247,61.568
35640,298.388,60.683
36000,299.14,59.04
36360,299.152,59.533
36720,299.263,59.507
37080,299.585,58.068
37440,299.133,58.973
37800,299.062,58.892
38160,299.445,58.017
38520,299.657,56.682
38880,299.487,57.367
39240,300.19,55.292
39600,299.747,56.323
39960,299.67,56.12
40320,300.01,55.033
40680,300.603,53.155
41040,300.078,54.47
41400,300.577,52.412
41760,301.152,51.263
42120,301.21,50.568
42480,301.115,51.007
42840,300.9,51.628
43200,300.88,51.132
43560,300.617,51.877
43920,301.152,50.377
44280,301.627,49.255
44640,301.548,48.85
45000,301.67,48.847
45360,301.808,48.978
45720,302.033,48.18
46080,302.117,47.553
46440,302.748,45.913
46800,302.455,46.835
47160,302.148,47.835
47520,302.48,47.323
47880,302.142,47.822
48240,302.03,47.422
48600,302.605,46.025
48960,303.015,45.007
49320,302.23,46.678
49680,302.69,45.997
50040,303.33,45.078
50400,303.333,45.18
50760,302.605,46.63
51120,302.89,46.54
51480,303.25,46.222
51840,303.965,44.007
52200,303.213,45.903
52560,303.655,44.875
52920,303.493,45.132
53280,303.517,45.077
53640,303.393,45.533
54000,302.772,46.952
54360,303.185,45.973
54720,303.67,45.083
55080,303.12,46.638
55440,302.822,46.642
55800,303.39,45.69
56160,303.332,45.742
56520,303.245,45.433
56880,303.057,45.835
57240,303.158,46.078
57600,303.392,45.543
57960,303.317,45.417
58320,303.495,44.777
58680,303.733,43.8
59040,304.112,43.107
59400,303.677,43.257
59760,304.172,42.32
60120,303.955,42.757
60480,303.538,43.27
60840,303.917,42.065
61200,303.783,42.488
61560,303.86,42.177
61920,304.312,40.992
62280,303.897,41.142
62640,304.053,40.832
63000,304.158,40.828
63360,303.715,41.943
63720,303.78,41.557
64080,304.183,40.25
64440,303.87,40.817
64800,303.945,41.025
65160,304.045,40.453
65520,304.01,40.567
65880,303.933,41.125
66240,303.79,41.763
66600,303.82,41.843
66960,303.765,42.312
67320,303.758,41.87
67680,303.7,42.155
68040,303.705,42.12
68400,303.648,44.008
68760,303.527,44.012
69120,303.708,43.475
69480,303.685,43.393
69840,303.835,42.967
70200,303.567,43.772
70560,303.505,44.025
70920,303.387,44.368
71280,297.165,45.235
71640,228.192,46.235
72000,223.16,46.86
72360,223.233,46.998
72720,223.247,47.287
73080,223.5,47.888
73440,230.053,48.633
73800,298.33,49.178
74160,302.317,49.56
74520,302.15,49.983
74880,228.365,49.968
75240,226.167,50.205
75600,225.353,50.432
75960,225.222,50.592
76320,224.988,50.667
76680,225.452,50.988
77040,225.157,51.113
77400,225.477,51.242
77760,225.632,50.923
78120,225.148,50.637
78480,224.907,50.578
78840,224.638,50.937
79200,224.398,51.02
79560,224.075,50.737
79920,224.047,51.018
80280,224.632,51.56
80640,226.313,51.973
81000,225.218,52.903
81360,226.25,52.687
81720,226.295,53.092
82080,229.147,53.088
82440,227.42,53
82800,226.478,52.857
83160,227.535,52.918
83520,254.665,52.667
83880,250.75,53.637
84240,241.015,54.418
84600,237.393,55.233
84960,275.462,56.16
85320,275.07,56.81
85680,292.14,57.083
86040,280.173,59.282
0,274.882,57.53
360,288.815,57.257
720,289.095,57.083
1080,291.677,57.638
1440,292.645,58.138
1800,293.137,58.562
2160,295.025,59.398
2520,292.067,60.753
2880,281.818,61.383
3240,283.412,61.883
3600,279.305,62.722
3960,257.05,63.52
4320,242.7,64.29
4680,238.95,64.913
5040,226,65.245
5400,224.26,65.648
5760,224.168,65.823
6120,224.108,65.892
6480,224.165,65.7
6840,224.323,65.723
7200,224.758,65.947
7560,225.42,65.952
7920,224.927,65.728
8280,225.037,65.722
8640,225.272,65.725
9000,225.66,66.047
9360,226.745,65.942
9720,225.812,65.42
10080,225.68,65.473
10440,224.992,66.028
10800,224.705,66.002
11160,224.753,66.427
11520,224.71,66.74
11880,225.013,66.922
12240,224.832,67.178
12600,224.823,67.162
12960,224.65,67.098
13320,224.62,67.325
13680,224.698,68.273
14040,224.352,69.35
14400,223.962,69.872
14760,223.703,69.628
15120,224.567,69.433
15480,224.822,68.945
15840,224.32,68.862
16200,223.438,68.473
16560,223.382,68.738
16920,223.47,68.642
17280,224.458,68.778
17640,228.413,68.438
18000,228.552,69.092
18360,227.532,69.325
18720,227.948,69.478
19080,227.947,69.28
19440,227.158,69.112
19800,228.058,69.407
20160,227.65,69.817
20520,227.002,69.582
20880,227.133,70.057
21240,228.06,70.227
21600,227.542,70.582
21960,227.443,70.462
22320,228.353,70.257
22680,227.875,69.968
23040,228.035,70.11
23400,229.41,70.258
23760,229.488,70.107
24120,230.285,69.817
24480,229.443,69.745
24840,227.537,69.878
25200,227.398,69.587
25560,227.665,69.235
25920,227.957,68.757
26280,227.207,68.665
26640,227.818,68.158
27000,227.87,66.507
27360,227.8,65.302
27720,228.713,64.103
28080,228.543,65.802
28440,225.707,66.265
28800,223.953,64.78
29160,226.368,63.213
29520,224.967,62.46
29880,223.437,63.968
30240,223.242,62.588
30600,223.192,62.443
30960,223.155,61.64
31320,223.155,60.58
31680,223.153,59.47
32040,223.17,59.95
32400,223.273,58.878
32760,223.738,57.995
33120,270.035,59.56
33480,297.963,60.097
33840,299.56,59.125
34200,300.175,57.782
34560,300.827,56.823
34920,301.017,56.588
35280,301.103,56.283
35640,301.005,56.013
36000,300.687,56.7
36360,300.77,56.453
36720,301.775,53.213
37080,302.677,50.84
37440,302.272,51.563
37800,301.985,52.36
38160,302.052,52.312
38520,301.882,51.032
38880,302.058,49.308
39240,302.54,48.883
39600,302.337,49.728
39960,302.003,50.668
40320,302.512,49.637
40680,303.063,48.773
41040,302.333,50.188
41400,302.335,50.905
41760,302.345,50.905
42120,302.888,49.335
42480,302.677,50.607
42840,302.358,51.927
43200,302.71,50.818
43560,303.175,49.028
43920,303.222,49.185
44280,303.752,47.06
44640,304.355,46.162
45000,303.628,47.487
45360,302.952,48.855
45720,302.983,48.547
46080,303.025,48.43
46440,303.443,48.267
46800,303.82,47.795
47160,303.28,48.785
47520,303.12,49.562
47880,303.21,49.353
48240,303.123,49.752
48600,302.848,49.878
48960,302.82,49.645
49320,302.873,49.295
49680,302.965,50.445
50040,302.665,51.592
50400,302.183,52.107
50760,302.16,52.208
51120,302.242,52.13
51480,302.032,52.277
51840,302.182,51.698
52200,302.382,50.768
52560,302.27,50.277
52920,302.162,50.357
53280,302.368,49.773
53640,302.465,49.758
54000,302.767,49.18
54360,302.722,49.547
54720,302.698,49.788
55080,302.617,50.468
55440,302.568,51.067
55800,302.938,51.138
56160,303.223,50.778
56520,303.19,51.782
56880,303.315,51.015
57240,303.93,49.45
57600,303.77,49.205
57960,303.845,48.29
58320,303.752,47.538
58680,303.598,46.545
59040,304.357,44.403
59400,304.205,45.267
59760,304.247,44.868
60120,304.755,43.752
60480,304.89,43.36
60840,304.532,43.427
61200,304.923,41.74
61560,304.605,43.148
61920,304.427,44.995
62280,304.192,46.253
62640,304.592,45.43
63000,304.703,44.307
63360,304.497,43.028
63720,305.247,40.653
64080,305.665,40.002
64440,304.865,41.743
64800,304.657,42.205
65160,304.593,42.343
65520,304.662,42.412
65880,304.838,43
66240,304.957,42.582
66600,304.458,43.747
66960,305,42.89
67320,304.66,43.838
67680,304.875,43.145
68040,304.813,42.857
68400,304.788,42.782
68760,305.223,41.925
69120,304.745,42.318
69480,304.615,42.892
69840,304.818,43.742
70200,304.772,43.797
70560,304.427,44.188
70920,304.375,44.782
71280,303.977,46.982
71640,304.047,46.355
72000,304.133,45.523
72360,303.92,46.967
72720,303.782,46.903
73080,303.58,47.943
73440,302.917,48.755
73800,302.345,49.307
74160,303.062,49.562
74520,302.905,49.805
74880,302.837,50.118
75240,302.837,50.23
75600,302.783,50.262
75960,302.708,50.478
76320,302.652,50.842
76680,302.568,51.283
77040,302.542,51.673
77400,302.522,51.932
77760,302.417,52.51
78120,302.368,52.388
78480,302.472,51.838
78840,302.395,52.658
79200,302.297,53.782
79560,302.228,54.257
79920,302.242,54.368
80280,302.245,54.45
80640,302.173,54.773
81000,301.543,55.062
81360,300.758,54.927
81720,300.965,55.043
82080,301.387,55.038
82440,301.503,55.17
82800,301.447,55.585
83160,301.453,55.4
83520,301.398,55.408
83880,301.345,54.873
84240,301.31,54.903
84600,301.265,55.18
84960,301.275,55.525
85320,301.222,55.79
85680,301.073,56.408
86040,288.258,58.222
0,300.92,57.225
360,300.833,57.598
720,300.778,57.697
1080,300.673,58.033
1440,300.613,58.178
1800,300.565,58.493
2160,300.457,58.92
2520,300.433,58.923
2880,300.383,59.507
3240,300.335,59.733
3600,300.408,59.707
3960,300.362,60.047
4320,300.275,60.562
4680,300.108,61.608
5040,299.912,62.872
5400,299.78,64.003
5760,299.557,65.195
6120,299.458,65.865
6480,299.327,66.548
6840,299.205,67.072
7200,299.165,67.177
7560,299.005,67.815
7920,298.885,68.35
8280,298.865,68.405
8640,298.835,68.54
9000,298.782,68.773
9360,298.702,68.963
9720,298.575,69.195
10080,298.418,69.125
10440,298.285,69.207
10800,298.088,69.292
11160,282.06,69.185
11520,264.61,69.095
11880,267.947,69.148
12240,268.418,69.237
12600,262.893,69.118
12960,256.117,69.105
13320,245.698,69.075
13680,246.153,69.183
14040,242.802,69.162
14400,234.585,69.238
14760,229.772,69.58
15120,224.1,69.943
15480,223.728,70.972
15840,223.617,70.627
16200,224.243,70.253
16560,224.298,70.258
16920,224.248,70.632
17280,224.007,71.005
17640,223.914,71.376
18000,Nan,Nan
18360,Nan,Nan
18720,Nan,Nan
19080,Nan,Nan
19440,Nan,Nan
19800,Nan,Nan
20160,Nan,Nan
20520,Nan,Nan
20880,Nan,Nan
21240,224.94,72.8
21600,224.333,72.835
21960,224.095,72.527
22320,224.205,72.307
22680,224.2,71.98
23040,Nan,Nan
23400,Nan,Nan
23760,Nan,Nan
24120,Nan,Nan
24480,Nan,Nan
24840,226.23,69.15
25200,226.888,68.778
25560,226.933,68.607
25920,227.508,68.648
26280,227.172,68.282
26640,226.812,67.86
27000,227.022,68.6
27360,226.94,68.073
27720,227.103,67.24
28080,227.633,66.162
28440,228.212,65.13
28800,228.398,66.163
29160,228.47,65.738
29520,228.322,64.65
29880,226.402,63.752
30240,226.605,64.22
30600,225.922,63.603
30960,224.188,62.673
31320,224.218,60.618
31680,224.79,60.22
32040,225.285,60.035
32400,226.327,59.34
32760,227.07,57.797
33120,225.222,57.335
33480,224.505,56.273
33840,224.902,55.39
34200,226.162,55.8
34560,226.372,55.652
34920,227.012,55.132
35280,225.392,55.383
35640,224.197,55.51
36000,223.617,55.81
36360,223.71,55.483
36720,223.517,55.777
37080,223.33,54.303
37440,239.925,55.722
37800,266.308,55.375
38160,275.865,54.817
38520,292.927,54.625
38880,299.977,54.317
39240,301.49,55.04
39600,302.132,54.603
39960,302.15,54.942
40320,302.833,53.265
40680,302.17,55.123
41040,302.433,55.308
41400,302.752,54.537
41760,302.552,55.185
42120,302.882,54.192
42480,302.742,54.425
42840,303.058,53.916
43200,Nan,Nan
43560,Nan,Nan
43920,Nan,Nan
44280,Nan,Nan
44640,Nan,Nan
45000,Nan,Nan
45360,Nan,Nan
45720,Nan,Nan
46080,Nan,Nan
46440,303.94,48.49
46800,304.345,47.432
47160,304.298,46.137
47520,304.588,43.998
47880,304.652,45.427
48240,304.944,45.266
48600,Nan,Nan
48960,Nan,Nan
49320,Nan,Nan
49680,Nan,Nan
50040,305.58,42.53
50400,305.937,41.642
50760,305.108,42.837
51120,305.343,42.385
51480,305.52,41.918
51840,305.792,41.113
52200,305.86,40.63
52560,Nan,Nan
52920,Nan,Nan
53280,Nan,Nan
53640,305.83,40.02
54000,305.547,40.238
54360,305.748,39.43
54720,306.99,37.653
55080,305.918,39.165
55440,305.842,39.56
55800,306.123,39.26
56160,306.467,38.298
56520,306.093,39.247
56880,306.24,39.123
57240,306.318,38.883
57600,306.283,39.157
57960,306.192,39.342
58320,306.512,38.388
58680,306.498,38.857
59040,306.237,39.31
59400,306.375,38.872
59760,306.562,38.933
60120,305.973,39.707
60480,306.012,39.505
60840,306.052,39.577
61200,306.625,38.522
61560,306.178,40.123
61920,306.163,39.845
62280,306.462,39.13
62640,306.192,39.305
63000,306.457,38.808
63360,306.883,37.742
63720,306.525,38.775
64080,306.613,38.91
64440,306.402,39.715
64800,306.25,40.055
65160,306.383,39.86
65520,306.275,39.325
65880,306.198,39.532
66240,306.25,39.138
66600,306.42,38.967
66960,306.352,39.643
67320,306.135,40.158
67680,306.085,40.295
68040,305.945,40.067
68400,306.072,39.82
68760,306.008,39.662
69120,305.962,39.558
69480,305.47,39.745
69840,249.962,40.725
70200,226.005,41.083
70560,223.153,40.742
70920,223.153,41.075
71280,223.173,41.833
71640,223.198,41.978
72000,223.205,42.295
72360,223.16,42.295
72720,223.157,42.848
73080,223.2,43.408
73440,238.138,43.463
73800,300.335,43.483
74160,304.868,43.322
74520,304.768,43.537
74880,304.572,44.223
75240,304.355,45.112
75600,304.213,45.745
75960,304.215,45.945
76320,304.44,45.47
76680,304.422,45.793
77040,304.242,46.563
77400,303.898,47.645
77760,303.617,48.548
78120,303.398,49.402
78480,303.757,48.525
78840,303.922,48.29
79200,303.703,49.082
79560,303.665,49.322
79920,303.358,50.075
80280,303.028,49.785
80640,267.255,49.97
81000,257.003,49.962
81360,265.453,50.555
81720,265.337,50.8
82080,269.723,51.345
82440,270.89,51.102
82800,271.18,50.677
83160,270.372,51.068
83520,270.76,50.897
83880,268.112,51.072
84240,266.825,51.617
84600,266.432,51.393
84960,267.747,52.078
85320,268.838,52.555
85680,268.623,52.788
86040,273.685,55.208
0,269.013,53.477
360,268.43,54.05
720,269.795,54.132
1080,290.535,55.02
1440,300.458,55.342
1800,301.197,55.57
2160,301.363,55.387
2520,301.117,56.597
2880,300.787,56.292
3240,297.855,56.155
3600,266.815,56.545
3960,246.702,56.34
4320,238.593,56.905
4680,228.543,57.428
5040,225.547,57.417
5400,224.475,57.89
5760,224.307,57.693
6120,224.228,57.482
6480,224.267,57.567
6840,224.232,57.908
7200,224.185,58.155
7560,224.097,58.492
7920,223.975,59.36
8280,224.432,61.212
8640,226.757,61.733
9000,227.598,62.145
9360,230.245,62.33
9720,227.517,62.62
10080,224.888,62.615
10440,224.422,62.652
10800,224.77,62.608
11160,225.13,62.365
11520,224.908,61.493
11880,224.733,61.052
12240,225.108,61.152
12600,224.882,61.75
12960,224.918,61.595
13320,224.96,61.433
13680,224.96,61.445
14040,224.988,61.812
14400,225.04,62.117
14760,224.578,62.188
15120,225.067,62.502
15480,225.515,62.467
15840,225.512,63.208
16200,225.167,63.873
16560,225.102,63.94
16920,224.865,63.81
17280,225.265,64.373
17640,225.058,64.692
18000,225.043,64.343
18360,224.973,64.168
18720,224.898,63.893
19080,224.833,63.865
19440,225.002,63.85
19800,224.86,63.937
20160,225.05,63.867
20520,224.67,64.058
20880,224.793,64.023
21240,225.132,63.987
21600,225.51,64.185
21960,225.507,64.107
22320,225.282,64.187
22680,225.512,64.062
23040,225.493,64.317
23400,225.742,64.523
23760,226.007,64.48
24120,226.565,63.815
24480,226.475,63.498
24840,225.762,63.082
25200,226.117,62.15
25560,226.408,62.308
25920,225.635,61.96
26280,225.72,61.685
26640,225.587,61.485
27000,225.72,60.923
27360,225.703,60.75
27720,225.387,59.738
28080,224.972,59.38
28440,224.653,58.483
28800,224.093,58.432
29160,223.923,56.028
29520,223.633,57.477
29880,223.583,57.82
30240,223.397,55.857
30600,223.243,55.748
30960,223.262,56.21
31320,223.215,53.81
31680,223.362,53.34
32040,249.528,51.563
32400,295.372,51.15
32760,300.39,50.882
33120,301.865,48.89
33480,302.16,49.532
33840,301.995,49.258
34200,302.617,48.13
34560,303.055,46.887
34920,302.578,48.517
35280,302.363,49.487
35640,302.753,48.572
36000,303.143,46.943
36360,303.52,45.918
36720,303.39,46.057
37080,303.273,46.142
37440,303.462,45.912
37800,303.207,46.377
38160,303.347,46.297
38520,302.967,46.883
38880,304.015,44.482
39240,304.142,44.467
39600,304.273,44.417
39960,304.288,44.097
40320,304.335,43.693
40680,304.735,43.478
41040,304.652,43.818
41400,305.23,42.017
41760,304.757,42.837
42120,305.515,41.238
42480,305.615,41.848
42840,305.632,41.633
43200,305.5,42.132
43560,305.793,40.972
43920,305.988,40.535
44280,305.485,41.75
44640,305.787,40.718
45000,305.487,41.295
45360,305.522,40.957
45720,306.017,40.323
46080,305.867,40.692
46440,306.017,40.062
46800,306.562,38.89
47160,306.272,39.732
47520,306.118,40.353
47880,306.627,39.243
48240,306.433,39.685
48600,306.413,39.662
48960,306.085,40.125
49320,305.848,40.867
49680,306.305,39.775
50040,307.093,38.592
50400,307.275,37.897
50760,306.727,39.313
51120,306.785,39.025
51480,307.1,38.722
51840,306.652,39.098
52200,306.838,38.757
52560,307.435,37.157
52920,307.242,37.603
53280,307.54,36.952
53640,307.793,36.253
54000,307.072,37.442
54360,307.163,37.17
54720,307.845,36.075
55080,307.16,37.47
55440,307.163,37.363
55800,307.925,36.232
56160,307.84,36.352
56520,308.14,35.983
56880,307.73,36.167
57240,308.188,35.125
57600,307.957,35.657
57960,307.88,35.302
58320,308.368,35.16
58680,307.967,35.902
59040,307.765,35.84
59400,308.065,35.373
59760,308.042,35.13
60120,307.965,35.433
60480,308.393,33.703
60840,308.027,34.09
61200,308.343,33.692
61560,308.168,33.77
61920,308.243,33.678
62280,307.847,33.668
62640,307.688,33.663
63000,307.818,33.18
63360,308.222,32.597
63720,308.42,32.327
64080,308.288,32.13
64440,308.308,32.403
64800,307.897,32.822
65160,307.872,32.512
65520,308.093,32.602
65880,308.287,31.95
66240,307.87,32.22
66600,308.23,31.562
66960,308.378,31.42
67320,308.042,32.145
67680,308.033,32.04
68040,307.905,32.097
68400,307.875,32.588
68760,307.567,33.975
69120,307.458,33.78
69480,307.072,33.688
69840,248.16,34.612
70200,223.228,35.265
70560,223.218,35.467
70920,223.268,36.35
71280,223.185,37.103
71640,223.2,37.985
72000,227.92,38.478
72360,224.998,37.773
72720,253.857,38.688
73080,272.072,38.957
73440,279.585,39.198
73800,278.585,39.587
74160,276.16,39.907
74520,273.188,40.25
74880,280.638,40.682
75240,289.863,41.102
75600,290.462,41.387
75960,288.565,41.503
76320,288.032,41.918
76680,288.48,41.732
77040,287.872,42.088
77400,288.43,42.07
77760,287.815,40.993
78120,283.835,40.838
78480,278.868,40.925
78840,278.958,41.692
79200,278.253,41.96
79560,278.38,42.245
79920,278.555,42.237
80280,278.57,42.345
80640,277.66,42.052
81000,274.547,42.392
81360,274.373,41.813
81720,273.945,42.048
82080,274.172,42.513
82440,274.26,45.325
82800,273.883,47.105
83160,277.423,48.112
83520,272.96,48.532
83880,271.972,48.828
84240,267.917,48.947
84600,266.248,49.41
84960,267.057,48.912
85320,269.61,47.923
85680,277.073,47.76
86040,272.677,49.218
0,282.67,46.872
360,278.375,47.098
720,275.98,47.885
1080,276.368,48.932
1440,277.405,48.977
1800,277.998,48.853
2160,275.032,49.443
2520,274.338,49.928
2880,273.14,50.168
3240,274.183,50.737
3600,272.393,51.527
3960,272.313,52.182
4320,273.552,52.902
4680,274.122,53.362
5040,275.038,53.852
5400,275.74,54.1
5760,276.233,54.03
6120,286.588,54.122
6480,277.313,54.217
6840,273.89,54.267
7200,278.867,54.693
7560,279.387,55.573
7920,248.648,55.562
8280,225.333,55.952
8640,226.695,56.173
9000,226.943,56.627
9360,225.923,56.603
9720,225.53,57.002
10080,225.718,57.118
10440,225.892,57.012
10800,226.015,57.235
11160,226.232,57.013
11520,226.447,57.33
11880,226.303,57.44
12240,226.072,57.963
12600,226.055,59.207
12960,226.228,60.96
13320,226.103,62.093
13680,226.213,62.908
14040,226.307,63.082
14400,226.515,63.94
14760,225.693,64.247
15120,225.902,63.663
15480,225.93,63.92
15840,225.997,64.285
16200,227.048,63.567
16560,227.452,62.76
16920,227.682,62.258
17280,228.343,61.335
17640,228.922,60.223
18000,229.822,60.603
18360,230.473,60.82
18720,230.282,60.778
19080,229.943,60.398
19440,229.995,59.862
19800,229.412,59.815
20160,229.447,60
20520,229.115,60.298
20880,230.318,60.933
21240,230.072,61.708
21600,229.427,61.975
21960,229.903,61.54
22320,231.907,61.152
22680,244.488,61.493
23040,257.987,61.12
23400,258.87,60.778
23760,263.857,60.505
24120,257.863,60.132
24480,259.843,59.628
24840,262.058,59.385
25200,263.52,58.733
25560,263.397,57.972
25920,264.697,57.977
26280,267.252,57.682
26640,269.192,56.923
27000,266.382,56.847
27360,264.445,55.503
27720,267.742,54.995
28080,266.312,53.555
28440,259.353,52.917
28800,227.73,52.14
29160,225.163,53.122
29520,225.347,52.797
29880,225.197,53.03
30240,225.168,53.638
30600,224.333,52.93
30960,223.485,52.265
31320,223.287,51.892
31680,223.247,51.017
32040,223.18,50.077
32400,223.247,50.253
32760,223.237,50.378
33120,223.195,49.195
33480,223.245,49.122
33840,223.343,47.365
34200,223.257,46.312
34560,223.247,46.045
34920,223.273,46.488
35280,223.212,46.042
35640,223.292,45.398
36000,223.473,44.617
36360,224.083,44.295
36720,241.715,43.635
37080,270.928,45.19
37440,268.978,44.708
37800,270.14,44.738
38160,294.823,44.628
38520,304.857,43.258
38880,305.088,41.522
39240,304.623,42.952
39600,304.955,42.327
39960,304.78,42.057
40320,305.105,41.617
40680,305.488,41.16
41040,305.578,40.777
41400,305.712,40.18
41760,305.167,40.443
42120,305.422,39.73
42480,306.033,39.51
42840,305.998,39.757
43200,306.093,39.517
43560,305.915,39.853
43920,305.915,39.907
44280,306.225,39.837
44640,306.648,39.857
45000,306.085,40.808
45360,306.133,40.242
45720,306.335,39.723
46080,306.707,39.392
46440,306.055,40.717
46800,306.89,39.568
47160,306.617,40.18
47520,306.525,39.88
47880,306.932,39.583
48240,306.678,39.82
48600,307.04,38.913
48960,307.223,38.562
49320,306.663,38.708
49680,307.235,37.447
50040,306.927,38.563
50400,306.985,38.718
50760,306.845,38.547
51120,307.552,37.077
51480,307.577,36.967
51840,307.103,37.377
52200,307.285,36.925
52560,307.202,37.177
52920,307.588,36.165
53280,307.627,35.568
53640,307.987,34.912
54000,308.028,34.833
54360,308.12,34.358
54720,308.397,33.675
55080,308.297,33.317
55440,308.353,32.93
55800,308.085,33.493
56160,308.11,33.568
56520,308.158,33.262
56880,308.28,32.763
57240,308.035,33.167
57600,308.233,33.035
57960,307.977,33.88
58320,307.978,34.58
58680,307.968,34.38
59040,308.315,33.713
59400,308.318,33.77
59760,308.437,33.657
60120,308.18,33.847
60480,308.393,33.488
60840,308.152,33.057
61200,308.342,33.308
61560,308.345,33.237
61920,308.547,33.38
62280,308.262,33.892
62640,308.022,34.047
63000,308.615,33.13
63360,308.185,33.833
63720,308.095,33.973
64080,308.203,33.165
64440,308.138,33.027
64800,308.313,32.075
65160,308.42,31.602
65520,308.125,32.063
65880,308.108,32.428
66240,308.05,32.343
66600,308.025,32.117
66960,307.965,32.312
67320,297.137,32.143
67680,268.03,32.757
68040,265.42,31.812
68400,262.18,31.573
68760,236.973,31.382
69120,232.233,31.432
69480,236.912,30.443
69840,239.527,30.39
70200,231.392,32.833
70560,226.835,33.773
70920,234.713,33.887
71280,275.822,34.278
71640,247.845,35.022
72000,228.238,35.332
72360,223.43,35.352
72720,223.593,35.967
73080,225.14,36.28
73440,261.92,36.575
73800,301.548,37.065
74160,306.498,37.428
74520,306.38,37.888
74880,306.255,38.322
75240,306.11,38.698
75600,306.022,38.883
75960,305.883,39.493
76320,305.74,40.123
76680,305.683,40.548
77040,305.573,40.988
77400,305.452,41.433
77760,305.475,41.497
78120,305.42,41.67
78480,305.375,41.908
78840,305.28,42.137
79200,305.238,42.418
79560,305.193,42.598
79920,304.955,43.587
80280,304.752,44.155
80640,304.682,44.81
81000,304.548,45.083
81360,304.61,44.673
81720,304.437,45.327
82080,304.228,46.2
82440,304.202,46.36
82800,304.227,46.682
83160,304.23,46.812
83520,304.258,46.807
83880,304.228,47.032
84240,304.06,47.677
84600,304.052,47.825
84960,303.953,48.215
85320,303.862,48.595
85680,303.807,48.885
86040,298.967,50.19
0,303.668,49.528
360,303.613,49.727
720,303.457,50.175
1080,303.357,50.435
1440,303.38,50.218
1800,303.365,50.097
2160,303.27,50.473
2520,303.198,50.568
2880,303.177,50.555
3240,303.168,50.59
3600,303.148,50.553
3960,303.15,50.537
4320,303.083,50.462
4680,303.075,50.462
5040,303.055,50.457
5400,302.893,51.018
5760,302.708,51.69
6120,302.575,52.157
6480,302.292,53.13
6840,302.14,53.43
7200,301.292,53.76
7560,263.307,53.92
7920,301.332,54.295
8280,301.817,54.4
8640,301.8,54.395
9000,301.78,54.38
9360,301.713,54.617
9720,301.733,54.588
10080,301.693,54.747
10440,301.597,55.085
10800,301.563,55.278
11160,301.543,55.108
11520,301.622,54.945
11880,301.61,55.085
12240,301.622,54.955
12600,301.75,54.553
12960,301.792,54.378
13320,301.837,54.092
13680,301.708,54.457
14040,301.517,54.957
14400,301.492,54.98
14760,301.422,55.282
15120,301.447,55.153
15480,301.36,55.618
15840,301.29,55.823
16200,301.285,55.697
16560,301.352,55.423
16920,301.125,56.477
17280,300.828,57.708
17640,284.263,57.255
18000,286.212,56.162
18360,288.74,56.028
18720,290.005,56.25
19080,289.722,56.5
19440,287.907,56.565
19800,286.863,56.467
20160,286.308,56.442
20520,288.248,56.81
20880,288.01,56.923
21240,289.075,57.2
21600,293.673,57.542
21960,292.623,58.265
22320,291.313,58.91
22680,293.623,59.565
23040,295.61,59.578
23400,298.022,59.742
23760,299.803,59.668
24120,300.027,59.562
24480,300.088,59.572
24840,300.033,59.838
25200,300.075,59.907
25560,300.233,59.518
25920,300.22,59.578
26280,300.283,59.368
26640,300.377,59.467
27000,300.718,59.065
27360,301.063,58.487
27720,301.678,56.79
28080,302.113,55.247
28440,296.678,55.863
28800,301.065,56.41
29160,301.54,56.908
29520,301.933,56.643
29880,302.232,55.645
30240,301.87,57.355
30600,301.725,57.665
30960,301.433,58.192
31320,300.95,58.032
31680,292.578,57.935
32040,289.993,57.832
32400,289.983,57.6
32760,288.482,57.853
33120,287.068,57.212
33480,287.388,55.135
33840,290.292,54.24
34200,291.052,51.577
34560,288.693,51.025
34920,289.415,50.872
35280,288.403,51.547
35640,287.652,51.413
36000,287.965,49.898
36360,288.875,50.832
36720,288.322,49.457
37080,288.72,48.105
37440,292.76,46.773
37800,302.297,46.143
38160,303.552,46.647
38520,303.968,45.942
38880,304.285,44.898
39240,304.182,44.617
39600,305,43.06
39960,305.218,43.168
40320,305.26,42.943
40680,305.48,43.31
41040,305.49,43.835
41400,305.513,43.122
41760,305.282,42.508
42120,305.357,42.143
42480,305.467,42.498
42840,305.69,41.085
43200,306.482,39.607
43560,305.95,40.332
43920,306.397,39.843
44280,306.02,40.915
44640,306.567,39.392
45000,307.132,37.923
45360,306.537,39.675
45720,305.94,41.145
46080,305.982,42.695
46440,306.06,41.748
46800,306.195,40.71
47160,306.645,39.738
47520,306.438,40.053
47880,306.288,40.672
48240,306.435,40.207
48600,306.473,39.757
48960,306.545,38.795
49320,306.943,38.32
49680,307.163,37.987
50040,306.786,38.222
50400,Nan,Nan
50760,Nan,Nan
51120,Nan,Nan
51480,Nan,Nan
51840,Nan,Nan
52200,Nan,Nan
52560,Nan,Nan
52920,Nan,Nan
53280,Nan,Nan
53640,307.34,36.04
54000,307.283,36.508
54360,307.198,37.148
54720,307.16,37.18
55080,308.182,35.07
55440,308.278,34.717
55800,307.95,35.35
56160,307.622,35.698
56520,308.017,34.647
56880,308.195,34.247
57240,307.613,34.16
57600,307.738,34.107
57960,307.67,34.048
58320,307.847,33.72
58680,307.953,32.953
59040,308.228,32.17
59400,308.322,30.695
59760,308.538,29.457
60120,308.273,30.922
60480,308.34,31.202
60840,308.438,31.913
61200,307.893,32.917
61560,308.14,32.89
61920,307.878,33.532
62280,308.225,33.358
62640,308.323,33.488
63000,308.003,34.375
63360,307.927,34.373
63720,308.235,34.248
64080,307.897,35.39
64440,308.032,35.368
50040,Nan,Nan
50400,Nan,Nan
50760,Nan,Nan
51120,Nan,Nan
51480,Nan,Nan
51840,Nan,Nan
52200,Nan,Nan
52560,Nan,Nan
52920,Nan,Nan
53280,Nan,Nan
53640,Nan,Nan
54000,Nan,Nan
54360,Nan,Nan
54720,Nan,Nan
55080,Nan,Nan
55440,Nan,Nan
55800,Nan,Nan
56160,Nan,Nan
56520,Nan,Nan
56880,Nan,Nan
57240,Nan,Nan
57600,Nan,Nan
57960,Nan,Nan
58320,Nan,Nan
58680,Nan,Nan
59040,Nan,Nan
59400,Nan,Nan
59760,Nan,Nan
60120,Nan,Nan
60480,Nan,Nan
60840,Nan,Nan
61200,Nan,Nan
61560,Nan,Nan
61920,Nan,Nan
62280,Nan,Nan
62640,Nan,Nan
63000,Nan,Nan
63360,Nan,Nan
63720,Nan,Nan
64080,Nan,Nan
64440,Nan,Nan
64800,Nan,Nan
65160,Nan,Nan
65520,Nan,Nan
65880,Nan,Nan
66240,Nan,Nan
66600,Nan,Nan
66960,Nan,Nan
67320,Nan,Nan
67680,Nan,Nan
68040,Nan,Nan
68400,Nan,Nan
68760,Nan,Nan
69120,Nan,Nan
69480,Nan,Nan
69840,Nan,Nan
70200,Nan,Nan
70560,Nan,Nan
70920,Nan,Nan
71280,Nan,Nan
71640,Nan,Nan
72000,Nan,Nan
72360,Nan,Nan
72720,Nan,Nan
73080,Nan,Nan
73440,Nan,Nan
73800,Nan,Nan
74160,Nan,Nan
74520,Nan,Nan
74880,Nan,Nan
75240,Nan,Nan
75600,Nan,Nan
75960,Nan,Nan
76320,Nan,Nan
76680,Nan,Nan
77040,Nan,Nan
77400,Nan,Nan
77760,Nan,Nan
78120,Nan,Nan
78480,Nan,Nan
78840,Nan,Nan
79200,Nan,Nan
79560,Nan,Nan
79920,Nan,Nan
80280,Nan,Nan
80640,Nan,Nan
81000,Nan,Nan
81360,Nan,Nan
81720,Nan,Nan
82080,Nan,Nan
82440,Nan,Nan
