#1
double data(4170,3)
0,299.702,52.595
360,299.712,52.548
720,299.578,53.037
1080,299.568,52.748
1440,299.48,53.043
1800,299.42,52.838
2160,299.487,52.362
2520,299.455,52.632
2880,299.377,53.068
3240,299.297,53.752
3600,299.16,54.583
3960,298.993,55.433
4320,298.94,56.027
4680,298.847,56.82
5040,298.723,57.442
5400,298.635,58.022
5760,298.532,58.583
6120,298.418,59.165
6480,298.303,59.713
6840,298.18,60.045
7200,298.132,60.29
7560,298.062,60.537
7920,297.998,60.842
8280,297.898,61.038
8640,297.847,61.183
9000,297.73,61.562
9360,297.648,61.715
9720,297.617,61.58
10080,297.582,61.623
10440,297.518,61.79
10800,297.495,61.78
11160,297.492,61.68
11520,297.462,61.757
11880,297.462,61.677
12240,297.375,61.912
12600,297.333,62.033
12960,297.298,62.12
13320,297.26,62.188
13680,297.163,62.558
14040,297.085,62.698
14400,297.022,62.875
14760,296.99,62.823
15120,296.958,62.767
15480,296.907,62.705
15840,296.852,62.825
16200,296.783,62.967
16560,296.61,63.127
16920,296.083,63.53
17280,288.163,63.695
17640,275.625,63.643
18000,290.97,63.555
18360,295.803,63.473
18720,270.618,63.795
19080,278.732,63.255
19440,277.6,63.077
19800,263.078,63.267
20160,263.025,63.093
20520,291.38,62.913
20880,295.977,62.875
21240,296.165,62.663
21600,296.212,62.578
21960,296.198,62.702
22320,296.267,62.397
22680,296.273,62.618
23040,296.34,62.272
23400,296.393,62.137
23760,296.49,61.84
24120,296.688,61.205
24480,296.87,60.718
24840,297.053,60.133
25200,297.258,59.21
25560,297.353,59.048
25920,297.472,58.508
26280,252.765,58.215
26640,234.375,58
27000,231.433,57.457
27360,226.287,56.693
27720,223.93,55.42
28080,223.452,54.907
28440,223.295,54.502
28800,223.22,54.035
29160,223.285,52.152
29520,223.227,51.558
29880,223.202,50.592
30240,223.177,50.083
30600,223.16,50.772
30960,223.163,50.152
31320,223.167,48.525
31680,223.252,49.287
32040,233.363,49.303
32400,271.98,50.42
32760,281.297,50.683
33120,282.535,49.495
33480,284.303,47.437
33840,289.652,46.5
34200,299.04,45.482
34560,299.943,45.082
34920,300.297,46.108
35280,300.925,44.638
35640,300.563,45.548
36000,300.515,46.117
36360,300.552,45.123
36720,300.683,45.35
37080,300.757,46.148
37440,301.047,45.165
37800,300.967,44.842
38160,301.32,44.197
38520,301.177,44.368
38880,301.225,43.857
39240,301.085,44.05
39600,301.665,42.528
39960,301.272,43.165
40320,301.557,42.855
40680,301.863,41.768
41040,301.208,42.92
41400,301.8,41.752
41760,301.697,41.892
42120,302.062,41.503
42480,301.995,41.702
42840,302.382,40.803
43200,Nan,Nan
43560,Nan,Nan
43920,Nan,Nan
44280,Nan,Nan
44640,Nan,Nan
45000,Nan,Nan
45360,Nan,Nan
45720,Nan,Nan
46080,Nan,Nan
46440,302.2,41.73
46800,303.3,39.853
50040,303.29,40.91
50400,302.958,41.223
50760,303.258,41.14
51120,303.168,41.418
51480,303.678,39.787
51840,303.982,38.892
52200,303.825,40.697
52560,303.342,41.32
52920,303.465,40.108
53280,303.907,39.682
53640,303.572,40.025
54000,304.075,38.98
54360,304.365,38.432
54720,304.325,38.31
55080,304.525,38.258
55440,304.022,39.54
55800,303.93,40.112
56160,303.972,40.253
56520,303.903,40.288
56880,304.222,40.16
57240,304.432,39.458
57600,304.307,39.782
57960,304.247,39.667
58320,304.807,38.565
58680,304.163,39.24
59040,304.398,38.97
59400,304.628,38.488
59760,304.175,39.21
60120,304.642,38.387
60480,304.72,38.568
60840,304.475,39.047
61200,304.222,39.43
61560,304.382,38.872
61920,304.463,38.838
62280,304.447,38.683
62640,304.632,37.975
63000,304.535,38.363
63360,304.41,38.31
63720,304.498,38.088
64080,305.042,37.575
64440,304.39,38.738
64800,304.327,38.815
65160,304.472,38.287
65520,304.33,38.563
65880,304.232,39.412
66240,304.28,38.892
66600,304.525,39.152
66960,304.523,39.258
67320,304.343,39.725
67680,304.162,40.287
68040,304.332,39.967
68400,304.245,40.382
68760,304.202,40.622
69120,304.25,40.878
69480,304.027,40.968
69840,288.497,41.557
70200,227.998,41.412
70560,279.617,41.995
70920,283.958,41.925
71280,286.648,41.722
71640,286.203,41.522
72000,Nan,Nan
72360,Nan,Nan
72720,Nan,Nan
73080,Nan,Nan
73440,Nan,Nan
73800,Nan,Nan
74160,Nan,Nan
74520,Nan,Nan
74880,Nan,Nan
75240,301.27,40.96
75600,300.688,40.948
75960,300.762,40.877
76320,302.443,40.838
76680,302.79,40.967
77040,302.768,41.005
77400,302.76,41.1
77760,302.662,41.725
78120,302.513,42.373
78480,302.407,42.937
78840,302.452,42.673
79200,302.41,42.768
79560,302.338,42.702
79920,302.29,42.97
80280,302.113,43.527
80640,302.112,43.51
81000,302.137,43.568
81360,302.225,43.542
81720,302.147,43.867
82080,302.025,44.282
82440,301.935,44.597
82800,301.902,44.685
83160,301.872,44.888
83520,301.785,45.393
83880,301.68,46.188
84240,301.583,46.643
84600,301.52,47.05
84960,301.468,47.335
85320,301.337,47.827
85680,301.265,48.143
86040,300.742,50.272
0,301.187,48.473
360,301.095,48.895
720,301.067,49.028
1080,300.997,49.432
1440,300.893,49.85
1800,300.802,50.145
2160,300.685,50.453
2520,300.555,51.108
2880,300.367,51.832
3240,300.322,51.52
3600,300.247,51.715
3960,300.113,52.16
4320,299.99,51.475
4680,299.892,51.062
5040,299.82,50.748
5400,299.827,50.667
5760,299.84,50.685
6120,299.792,51.45
6480,299.6,52.927
6840,299.402,53.782
7200,299.277,54.33
7560,299.213,54.707
7920,299.042,55.207
8280,298.915,55.313
8640,298.858,55.318
9000,298.848,55.178
9360,298.728,55.27
9720,298.633,55.198
10080,298.52,55.375
10440,298.435,55.435
10800,298.362,55.648
11160,298.27,55.863
11520,298.213,55.745
11880,298.133,55.532
12240,298.115,55.483
12600,298.085,55.442
12960,298.073,55.35
13320,298.053,55.387
13680,298.033,55.35
14040,297.978,55.298
14400,297.932,55.393
14760,297.933,55.143
15120,297.905,55.043
15480,297.878,54.952
15840,297.845,54.985
16200,297.842,54.918
16560,297.808,54.952
16920,297.795,54.982
17280,297.743,55.08
17640,297.72,55.072
18000,297.742,54.748
18360,297.745,54.558
18720,297.722,54.518
19080,297.697,54.828
19440,297.688,54.967
19800,297.658,55.328
20160,297.61,55.692
20520,297.528,56.018
20880,297.532,56.037
21240,297.522,56.147
21600,297.497,56.475
21960,297.5,56.533
22320,297.567,56.182
22680,297.627,55.817
23040,297.68,55.743
23400,297.797,55.442
23760,297.91,55.342
24120,297.962,55.48
24480,298.012,55.263
24840,298.153,54.962
25200,298.41,54.495
25560,298.395,53.543
25920,298.352,53.697
26280,298.397,52.945
26640,250.268,51.902
27000,238.342,50.9
27360,236.463,49.637
27720,232.232,49.582
28080,229.225,49.575
28440,226.91,49.027
28800,224.893,48.195
29160,224.122,48.198
29520,223.758,45.708
29880,223.67,43.937
30240,223.66,42.735
30600,223.685,44.112
30960,223.59,44.673
31320,223.572,43.6
31680,223.535,44.89
32040,223.518,45.492
32400,223.507,46.27
32760,223.582,44.468
33120,223.508,43.542
33480,223.315,43.068
33840,223.543,42.932
34200,223.183,42.337
34560,225.508,42.292
34920,255.968,40.19
35280,291.215,39.765
35640,299.187,42.2
36000,300.212,41.097
36360,300.785,38.352
36720,300.512,38.513
37080,300.768,38.833
37440,300.838,38.405
37800,300.528,39.285
38160,301.157,38.868
38520,301.513,38.17
38880,301.392,38.515
39240,302.048,37.618
39600,301.352,38.612
39960,301.348,39.307
40320,301.817,38.482
40680,301.847,38.232
41040,301.932,38.582
41400,302.098,37.69
41760,302.545,36.707
42120,302.843,36.253
42480,302.98,36.44
42840,302.922,37.422
43200,302.693,39.232
43560,303.368,37.847
43920,303.312,38.283
44280,303.155,38.762
44640,303.125,39.467
45000,303.27,39.303
45360,303.677,38.908
45720,303.487,39.105
46080,303.612,37.982
46440,303.493,37.902
46800,303.712,37.177
47160,304.242,36.238
47520,304.12,36.602
47880,304.053,37.167
48240,304.08,37.312
48600,303.997,37.72
48960,304.17,37.483
49320,305.145,36.193
49680,304.4,37.985
50040,305.058,37.248
50400,304.495,38.55
50760,304.392,38.5
51120,304.392,38.548
51480,305.275,37.323
51840,305.385,37.098
52200,304.952,37.442
52560,305.122,38.11
52920,304.92,38.57
53280,305.407,37.91
53640,305.567,36.998
54000,305.178,38.12
54360,306.055,36.845
54720,305.668,37.722
55080,305.893,38.012
55440,305.925,37.982
55800,306.152,37.54
56160,306.162,37.268
56520,306.518,36.297
56880,306.155,37.062
57240,306.34,37.27
57600,307.08,36.07
46440,Nan,Nan
46800,Nan,Nan
47160,Nan,Nan
47520,Nan,Nan
47880,Nan,Nan
48240,Nan,Nan
48600,Nan,Nan
48960,Nan,Nan
49320,Nan,Nan
49680,Nan,Nan
50040,305.07,42.42
50400,304.72,43.222
50760,304.43,44.163
51120,304.597,44.013
51480,304.823,43.868
51840,304.83,44.102
52200,304.712,44.25
52560,305.257,42.95
52920,305.198,43.405
53280,305.418,42.807
53640,305.57,42.7
54000,305.53,42.687
54360,305.968,41.857
54720,305.677,42.9
55080,305.672,43.117
55440,305.805,42.797
55800,305.972,42.885
56160,305.213,44.522
56520,305.553,44.212
56880,305.805,43.478
57240,305.932,42.962
57600,305.95,43.14
57960,306.575,42.172
58320,305.91,43.422
58680,306.162,43.023
59040,305.908,43.658
59400,305.85,43.852
59760,306.17,43.507
60120,305.967,43.865
60480,306.527,42.693
60840,306.435,42.952
61200,306.497,43.002
61560,306.82,42.147
61920,306.552,42.732
62280,306.172,43.288
62640,306.097,43.362
63000,306.217,43.632
63360,306.417,43.753
63720,305.79,45.548
64080,285.548,45.493
64440,291.005,45.432
64800,254.795,46.505
65160,245.995,47.322
65520,242.578,46.588
65880,286.708,46.788
66240,305.09,46.278
66600,304.898,46.837
66960,305.093,46.273
67320,304.892,46.605
67680,304.788,46.543
68040,304.828,46.688
68400,304.768,46.495
68760,304.667,46.66
69120,304.68,46.645
69480,304.603,47.308
69840,304.533,47.475
70200,304.578,47.56
70560,304.527,47.818
70920,304.325,48.538
71280,304.26,48.27
71640,304.257,46.63
72000,304.488,43.538
72360,304.42,42.862
72720,304.407,42.067
73080,304.303,41.67
73440,304.155,42.267
73800,303.9,43.718
74160,303.702,44.625
74520,303.698,44.082
74880,303.573,44.29
75240,303.405,44.247
75600,303.225,44.595
75960,303.098,44.625
76320,302.952,45.46
76680,302.868,46.587
77040,302.792,47.285
77400,302.76,48.213
77760,302.75,48.935
78120,302.762,49.068
78480,302.747,49.245
78840,302.833,48.957
79200,302.863,48.682
79560,302.79,48.07
79920,302.685,47.618
80280,302.68,48.153
80640,302.625,48.627
81000,302.67,48.733
81360,302.775,48.677
81720,302.925,48.47
82080,302.928,47.642
82440,302.762,47.208
82800,302.447,46.47
83160,302.198,45.812
83520,301.952,45.038
83880,301.852,43.82
84240,301.852,43.237
84600,301.66,45.088
84960,301.102,48.15
85320,300.603,50.717
85680,300.497,52.105
86040,300.627,53.373
0,300.555,52.888
360,300.442,53.667
720,300.382,53.433
1080,300.593,51.733
1440,300.388,54.62
1800,300.038,57.018
2160,299.668,58.308
2520,297.973,56.653
2880,297.098,58.142
3240,296.308,59.637
3600,295.83,60.543
3960,295.547,61.603
4320,295.173,61.918
4680,295.182,60.725
5040,293.205,58.615
5400,283.698,56.342
5760,276.77,55.567
6120,257.757,54.803
6480,265.022,55.982
6840,268.602,57.595
7200,273.018,58.367
7560,277.128,57.967
7920,278.127,57.993
8280,264.497,57.583
8640,270.485,57.375
9000,260.148,57.018
9360,278.25,57.212
9720,276.198,56.578
10080,274.298,55.708
10440,296.032,55.477
10800,294.598,55.963
11160,296.273,54.978
11520,297.168,55.138
11880,298.417,55.037
12240,299.042,55.313
12600,299.22,55.168
12960,299.297,54.765
13320,299.217,55.117
13680,299.248,54.882
14040,299.163,55.067
14400,299.258,53.828
14760,299.23,54.07
15120,299.038,54.597
15480,298.883,55.183
15840,298.825,55.205
16200,298.827,54.907
16560,298.742,55.382
16920,298.558,56.428
17280,298.273,57.735
17640,297.92,59.083
18000,297.648,59.957
18360,254.458,60.7
18720,291.178,61.405
19080,297.265,62.108
19440,291.052,62.713
19800,297.098,63.425
20160,297.112,63.873
20520,297.092,64.168
20880,297.072,64.293
21240,296.965,64.543
21600,296.978,64.553
21960,296.992,63.867
22320,296.953,63.363
22680,296.908,63.47
23040,296.877,63.578
23400,296.92,63.548
23760,296.962,63.488
24120,297.147,63.162
24480,297.192,63.148
24840,297.275,63.092
25200,297.373,62.85
25560,295.887,62.487
25920,295.028,63.048
26280,297.49,61.703
26640,297.892,60.513
27000,297.915,59.83
27360,298.123,59.513
27720,298.008,59.688
28080,298.248,58.95
28440,230.648,58.4
28800,223.485,58.05
29160,223.393,57.045
29520,223.237,57.528
29880,223.203,56.892
30240,223.237,55.497
30600,223.207,55.447
30960,223.23,55.253
31320,223.187,54.202
31680,223.163,54.235
32040,223.158,54.702
32400,223.152,53.573
32760,223.178,52.338
33120,223.158,51.982
33480,223.155,51.918
33840,223.158,50.408
34200,223.163,50.99
34560,223.208,49.417
34920,223.247,49.552
35280,223.292,49.103
35640,223.392,49.325
36000,223.487,50.908
36360,223.415,50.27
36720,223.32,48.96
37080,223.403,50.435
37440,223.468,50.472
37800,223.52,49.497
38160,223.7,50.845
38520,223.707,49.933
38880,224.177,49.863
39240,224.22,50.462
39600,224.153,49.11
39960,224.417,48.842
40320,224.937,48.86
40680,225.667,47.058
41040,226.805,45.698
41400,237.22,47.313
41760,253.672,47.247
42120,262.16,46.007
42480,280.778,46.627
42840,300.963,46.918
43200,302.095,45.113
43560,302.742,45.297
43920,303.347,43.9
44280,302.845,46.027
44640,303.548,44.483
45000,303.748,43.905
45360,303.073,45.84
45720,303.218,45.355
46080,304.222,43.318
46440,303.887,44.222
46800,303.695,44.333
47160,303.812,44.612
47520,303.737,45.172
47880,304.358,43.925
48240,304.108,44.468
48600,304.822,43.238
48960,304.847,42.355
49320,303.857,44.432
49680,304.302,43.145
50040,304.007,43.368
50400,304.858,41.822
50760,305.493,39.235
51120,305.29,39.478
51480,305.112,41.568
51840,305.31,41.183
52200,305.018,41.35
52560,305.092,41.745
52920,305.162,41.168
53280,305.627,40.338
53640,306.115,39.5
54000,305.842,39.935
54360,305.995,39.24
54720,306.592,38.192
55080,306.022,39.095
55440,306.38,38.418
55800,306.213,38.993
56160,307.05,37.678
56520,306.625,38.383
56880,306.46,38.815
57240,306.87,37.618
57600,307.438,36.75
57960,307.198,37.948
58320,306.638,40.052
58680,306.967,39.883
59040,306.472,40.833
59400,306.672,40.39
59760,306.652,40.618
60120,306.43,40.712
60480,306.437,39.838
60840,306.868,39.032
61200,306.877,38.763
61560,306.558,39.603
61920,306.422,40.145
62280,306.408,39.912
62640,306.553,38.615
63000,307.077,37.565
63360,307.217,37.828
63720,306.928,38.227
64080,306.802,38.242
64440,306.998,37.808
64800,307.14,37.743
65160,306.75,38.682
65520,306.92,38.177
65880,306.655,38.885
66240,306.795,38.375
66600,306.743,38.462
66960,302.327,38.492
67320,292.732,38.542
67680,291.483,38.608
68040,290.235,39.57
68400,258.903,40.298
68760,223.258,40.94
69120,223.152,42.01
69480,223.153,42.023
69840,223.16,41.822
70200,223.158,41.557
70560,223.162,41.543
70920,223.165,42.093
71280,223.17,43.137
71640,223.195,44.775
72000,223.27,45.278
72360,224.822,46.692
72720,275.443,47.055
73080,304.352,48.267
73440,304.253,49.085
73800,304.127,49.47
74160,304.155,49.643
74520,304.102,50.145
74880,304.582,50.728
75240,304.515,51.493
75600,304.167,51.98
75960,304.302,52.33
76320,304.307,52.587
76680,304.237,52.78
77040,304.17,53.058
77400,304.15,53.007
77760,304.045,53.473
78120,304.015,53.64
78480,303.94,52.833
78840,303.953,52.447
79200,303.975,51.855
79560,303.947,51.875
79920,303.87,52.032
80280,303.668,52.188
80640,303.725,52.02
81000,303.718,52.19
81360,303.705,52.348
81720,303.63,52.585
82080,303.625,52.7
82440,303.55,52.965
82800,303.503,53.352
83160,303.445,54.392
83520,303.412,55.008
83880,303.247,55.578
84240,303.167,55.992
84600,303.27,55.317
84960,303.417,54.643
85320,303.455,53.993
85680,303.6,53.298
86040,297.983,55.257
0,303.033,56.367
360,302.897,57.112
720,302.937,56.888
1080,302.922,56.988
1440,302.597,58.465
1800,302.232,60.053
2160,301.922,61.487
2520,301.867,61.948
2880,301.878,61.745
3240,301.845,61.75
3600,301.877,61.438
3960,301.82,61.605
4320,301.837,61.377
4680,301.713,61.63
5040,301.742,61.392
5400,301.702,61.753
5760,301.6,62.477
6120,301.563,62.393
6480,301.633,61.493
6840,301.523,61.318
7200,301.403,61.513
7560,301.36,61.688
7920,301.238,62.002
8280,301.19,61.902
8640,301.062,62.043
9000,300.982,62.19
9360,300.932,62.313
9720,300.82,62.708
10080,300.76,63.043
10440,300.59,63.683
10800,300.307,63.615
11160,291.583,63.502
11520,279.1,63.278
11880,279.543,63.208
12240,282.943,63.187
12600,246.527,63.028
12960,247.448,62.702
13320,254.24,62.91
13680,261.735,63.39
14040,299.91,63.823
14400,277.477,64.13
14760,294.887,64.03
15120,299.763,64.4
15480,299.835,64.467
15840,299.84,64.433
16200,299.81,64.54
16560,299.758,64.677
16920,299.695,65.015
17280,299.642,65.263
17640,299.608,65.245
18000,299.548,65.352
18360,299.553,65.067
18720,299.467,65.243
19080,299.528,65.01
19440,299.597,65.067
19800,299.525,65.237
20160,299.56,64.842
20520,299.462,65.335
20880,299.423,65.457
21240,299.42,65.377
21600,299.405,65.5
21960,299.393,65.248
22320,299.425,65.135
22680,299.437,64.855
23040,299.495,64.47
23400,299.615,64.04
23760,299.688,63.612
24120,299.788,63.493
24480,299.91,62.91
24840,300.235,61.75
25200,300.505,60.842
25560,300.61,60.183
25920,300.523,60.875
26280,300.638,60.677
26640,300.362,61.63
27000,300.467,60.675
27360,300.687,59.737
27720,300.957,58.465
28080,300.948,57.753
28440,300.822,58.288
28800,300.8,57.792
29160,300.958,57.505
29520,300.907,57.425
29880,301.103,56.31
30240,301.44,55.458
30600,301.253,55.993
30960,300.958,56.148
31320,301.455,54.778
31680,301.483,53.043
32040,262.422,53.164
50040,306.77,48.1
50400,307.298,46.555
50760,307.052,46.932
51120,307.35,46.187
51480,306.687,47.743
51840,307.568,46.393
52200,307.025,48.538
52560,306.838,49.455
52920,307.408,48.077
53280,307.57,47.233
53640,307.69,46.42
54000,307.855,45.557
54360,307.865,45.255
54720,307.585,45.882
55080,307.533,45.992
55440,307.305,46.202
55800,307.48,46.745
56160,307.715,46.587
56520,307.823,45.633
56880,307.867,45.833
57240,307.827,46.063
57600,308.038,45.477
57960,308.328,44.863
58320,308.382,44.427
58680,308.125,44.892
59040,307.768,45.517
59400,308.143,45.04
59760,307.895,45.738
60120,307.945,46.292
60480,307.913,46.723
60840,307.853,47.512
61200,308.173,46.982
61560,308.217,46.393
61920,308.032,45.173
62280,308.208,45.575
62640,308.07,46.005
63000,308.192,45.5
63360,308.075,45.108
63720,308.115,44.653
64080,307.978,45.498
64440,308.028,44.735
64800,307.817,45.482
65160,307.845,44.735
65520,307.91,44.69
65880,308.028,44.14
66240,307.663,45.94
66600,307.647,45.493
66960,307.565,46.218
67320,260.425,46.582
67680,248.837,46.662
68040,246.157,47.933
32040,298.04,58.02
32400,298.292,56.708
32760,298.21,56.608
33120,298.392,55.983
33480,298.448,55.282
33840,298.762,54.153
34200,298.78,53.522
34560,299.035,53.183
34920,299.12,52.438
35280,298.858,52.402
35640,298.683,53.115
36000,298.27,55.253
36360,298.393,55.357
36720,298.797,54.19
37080,299.122,53.072
37440,299.318,52.137
37800,299.335,50.948
38160,299.407,49.662
38520,260.778,49.548
38880,232.613,48.897
39240,232.053,49.085
39600,229.157,47.673
39960,224.23,49.203
40320,223.81,50.292
40680,223.75,50
41040,223.663,49.607
41400,223.647,48.882
41760,223.605,47.31
42120,223.61,47.305
42480,223.655,43.747
42840,223.585,43.508
43200,223.67,44.512
43560,223.612,44.438
43920,225.355,43.172
44280,243.378,42.558
44640,261.117,43.503
45000,264.93,45.028
45360,264.568,43.835
45720,274.307,44.318
46080,278.217,45.49
46440,289.493,45.65
46800,287.165,44.267
47160,283.56,44.52
47520,284.507,45.617
47880,280.92,45.998
48240,287.722,46.145
48600,284.218,46.123
48960,270.228,47.22
49320,224.577,48.572
49680,223.79,47.227
50040,223.547,47.938
50400,223.492,47.328
50760,223.487,46.653
51120,223.365,48.6
51480,223.487,48.72
51840,223.392,46.387
52200,223.462,46.47
52560,223.415,48.133
52920,223.437,46.872
53280,223.368,47.785
53640,223.43,47.633
54000,225.523,46.792
54360,247.158,43.9
54720,223.46,45.787
55080,223.933,44.04
55440,224.127,46.195
55800,244.097,45.173
56160,289.542,43.92
56520,301.885,44.668
56880,302.317,43.382
57240,301.942,45.392
57600,302.48,43.525
57960,302.545,42.915
58320,302.317,42.485
58680,302.275,43.655
59040,302.985,44.06
59400,302.513,43.573
59760,302.577,43.662
60120,302.708,44.522
60480,302.232,45.25
60840,302.918,43.267
61200,302.787,42.208
61560,302.748,41.482
61920,302.645,41.988
62280,302.895,41.13
62640,302.702,41.94
63000,302.725,43.687
63360,302.492,44.482
63720,302.65,42.908
64080,303.098,41.9
64440,302.476,43.994
53640,300.99,32.39
54000,301.528,31.668
54360,301.967,31.122
54720,301.975,30.735
55080,301.573,31.275
55440,301.773,31.107
55800,301.958,30.68
56160,302.495,29.99
56520,302.35,30.087
56880,302.198,29.708
57240,302.783,29.19
57600,303.077,29.215
57960,302.05,30.62
58320,302.522,29.733
58680,302.41,30.17
59040,302.213,30.748
59400,302.618,30.707
59760,302.33,31.32
60120,302.152,31.287
60480,302.267,31.108
60840,302.35,30.958
61200,302.418,30.817
61560,302.142,31.148
61920,302.29,30.878
62280,302.033,31.328
62640,302.213,30.963
63000,302.165,31.382
63360,302.152,31.513
63720,301.928,31.735
64080,302.213,31.417
64440,302.087,31.538
64800,302.145,31.56
65160,302.53,31.017
65520,302.183,32.057
65880,302.042,32.4
66240,302.092,32.507
66600,302.157,32.2
66960,301.998,32.383
67320,302.158,32.502
67680,302.005,32.572
68040,301.918,33.125
68400,302.077,32.783
68760,302.042,32.677
69120,301.877,32.933
69480,301.862,33.117
69840,301.79,33.195
70200,301.83,33.283
70560,301.752,33.182
70920,301.702,33.352
71280,301.673,33.252
71640,301.712,33.202
72000,301.587,33.31
72360,301.388,34.113
72720,301.443,34.037
73080,301.458,34.173
73440,301.372,34.107
73800,301.263,33.973
74160,301.265,34.013
74520,301.162,34.273
74880,301.07,34.185
75240,301.03,34.245
75600,300.98,35.075
75960,300.875,35.505
76320,300.748,35.778
76680,295.985,36.257
77040,298.447,35.902
77400,300.438,35.795
77760,300.637,36.502
78120,300.655,36.918
78480,300.55,37.528
78840,300.385,38.275
79200,300.235,39.125
79560,299.935,39.895
79920,299.43,40.51
80280,297.95,41.047
80640,299.738,41.46
81000,299.812,41.703
81360,299.775,41.957
81720,299.713,42.405
82080,299.655,42.777
82440,299.465,43.577
82800,299.487,43.842
83160,299.358,44.125
83520,299.292,44.073
83880,299.257,43.8
84240,299.137,44.397
84600,299.157,44.258
84960,299.03,44.198
85320,298.933,44.143
85680,298.833,44.103
86040,298.532,45.66
0,298.745,44.628
360,298.548,45.375
720,298,45.235
1080,290.183,44.312
1440,294.208,44.84
1800,295.267,45.712
2160,296.792,46.653
2520,294.853,46.312
2880,285.687,46.343
3240,282.773,46.935
3600,288.497,47.58
3960,289.695,48.15
4320,288.852,48.462
4680,288.205,48.853
5040,284.023,49.293
5400,282.972,50.067
5760,278.735,50.505
6120,281.097,50.732
6480,293.157,51.202
6840,296.915,51.395
7200,297.26,51.733
7560,297.228,51.88
7920,297.153,52.025
8280,296.92,52.267
8640,296.402,52.05
9000,292.27,52.323
9360,295.26,52.5
9720,296.387,52.867
10080,296.612,52.89
10440,296.67,52.953
10800,296.722,52.953
11160,296.7,53.233
11520,296.635,53.415
11880,296.627,53.368
12240,296.547,53.41
12600,296.407,53.742
12960,296.308,53.995
13320,296.15,54.532
13680,296.105,54.655
14040,296.073,54.812
14400,296.042,54.988
14760,296.05,54.953
15120,296.023,55.013
15480,295.98,55.24
15840,295.985,55.252
16200,295.947,55.512
16560,295.825,55.733
16920,295.805,55.76
17280,295.802,55.852
17640,295.765,55.952
18000,295.732,56.345
18360,295.63,56.672
18720,295.533,57.002
19080,295.473,57.278
19440,295.427,57.648
19800,295.367,57.922
20160,295.37,57.727
20520,295.367,57.672
20880,295.292,57.8
21240,295.242,57.913
21600,295.235,57.927
21960,295.268,57.772
22320,295.315,57.407
22680,295.345,57.043
23040,295.373,56.712
23400,295.475,56.357
23760,295.69,55.898
24120,295.882,55.368
24480,295.843,55.395
24840,295.822,55.672
25200,296.058,54.908
25560,296.242,54.538
25920,296.262,54.355
26280,296.485,53.7
26640,296.502,53.74
27000,296.455,53.505
27360,296.595,53.473
27720,296.665,52.625
28080,296.85,51.782
28440,296.662,51.383
28800,296.413,52.06
29160,296.478,52.342
29520,296.933,50.843
29880,296.868,50.33
30240,296.943,50.585
30600,297.412,49.367
30960,297.17,50.292
31320,296.935,50.855
31680,297.258,50.273
32040,297.403,50.46
32400,297.273,50.118
32760,297.423,49.707
33120,297.883,48.433
33480,298.035,47.658
33840,298.287,47.532
34200,298.14,48.39
34560,297.992,49.21
34920,298.113,47.892
35280,298.483,48.078
35640,298.262,48.417
36000,297.963,48.963
36360,298.462,47.27
36720,299.08,44.71
37080,298.795,45.12
37440,299.042,45.14
37800,299.827,43.875
38160,299.185,44.175
38520,299.582,42.613
38880,300.043,41.387
39240,300.348,40.807
39600,300.037,41.623
39960,300.638,40.455
40320,300.803,40.71
40680,300.655,41.618
41040,301.085,40.977
41400,301.223,39.64
41760,300.765,39.698
42120,301.085,38.98
42480,301.753,37.595
42840,301.227,38.532
43200,302.253,36.887
43560,302.228,36.842
43920,301.268,38.632
44280,301.447,38.567
44640,301.888,37.822
45000,301.968,37.237
45360,301.728,37.532
45720,301.735,37.455
46080,302.173,36.552
46440,301.977,37.052
46800,301.988,37.64
47160,301.893,38.323
47520,302.678,36.508
47880,302.077,38.015
48240,302.097,38.502
48600,302.292,38.213
48960,302.403,38.29
49320,301.82,39.263
49680,301.875,39.253
50040,302.257,38.493
50400,303.26,36.488
50760,302.79,36.54
51120,303.183,35.737
51480,302.973,35.38
51840,302.973,34.897
52200,303.438,34.25
52560,303.163,34.785
52920,303.62,34.123
53280,303.758,34.085
53640,303.472,35.152
54000,303.65,34.292
54360,304.122,34.65
54720,303.69,34.665
55080,303.432,34.677
55440,303.743,33.527
55800,303.418,34.338
56160,304.227,33.438
56520,303.937,32.922
56880,304.515,33.178
57240,304.082,35.232
57600,303.832,35.428
57960,303.935,35.147
58320,304.298,35.513
58680,304.633,34.947
59040,304.23,35.375
59400,304.043,35.525
59760,303.775,34.828
60120,303.915,34.202
60480,304.25,33.295
60840,304.015,33.65
61200,304.397,33.088
61560,304.182,33.332
61920,304.245,33.833
62280,304.135,34.712
62640,304.032,35.12
63000,303.923,35.463
63360,304.27,34.817
63720,304.077,35.607
64080,304.253,34.387
64440,304.098,34.657
64800,304.363,33.638
65160,304.295,33.37
65520,304.228,32.273
65880,304.067,31.597
66240,304.172,31.442
66600,304.403,31.045
66960,304.33,30.533
67320,304.368,30.623
67680,304.622,29.56
68040,304.295,29.567
68400,304.623,28.883
68760,304.49,29.53
69120,304.618,30.255
69480,304.477,30.867
69840,304.005,31.445
70200,304.153,32.132
70560,304.228,32.322
70920,304.01,33.442
71280,304.115,34.513
71640,304.043,35.72
72000,303.712,37.71
72360,303.632,38.585
72720,303.627,38.635
73080,303.575,38.727
73440,303.258,40.155
73800,303.188,40.622
74160,303.14,40.96
74520,303.078,41.358
74880,303.073,41.47
75240,303.105,41.013
75600,303.065,40.837
75960,303.153,40.44
76320,302.895,40.615
76680,286.69,40.617
77040,290.115,40.707
77400,291.208,40.355
77760,289.953,40.495
78120,280.552,40.17
78480,284.13,40.13
78840,282.535,40.088
79200,288.215,39.853
79560,286.775,39.845
79920,284.038,39.837
80280,287.877,40.327
80640,292.333,40.407
81000,292.81,41.62
81360,292.272,43.02
81720,294.825,43.907
82080,296.898,44.437
82440,298.187,45.233
82800,298.707,46.335
83160,298.98,47.727
83520,298.988,48.257
83880,299.245,48.507
84240,298.998,48.768
84600,269.912,48.727
84960,243.66,48.375
85320,248.917,48.283
85680,237.023,48.05
86040,254.228,48.028
0,270.275,46.072
360,267.068,45.633
720,269.953,45.187
1080,279.702,45.408
1440,284.712,45.585
1800,290.077,45.718
2160,298.882,45.765
2520,300.928,45.9
2880,300.96,46.23
3240,300.925,46.297
3600,300.942,46.2
3960,300.897,46.282
4320,300.858,46.438
4680,300.82,46.672
5040,300.622,47.36
5400,300.502,47.818
5760,300.32,48.217
6120,300.198,48.695
6480,300.122,49
6840,300.15,49.09
7200,300.182,49.145
7560,300.075,49.705
7920,299.973,50.375
8280,299.922,50.678
8640,299.885,50.73
9000,299.758,50.97
9360,299.753,51.238
9720,299.718,51.237
10080,299.742,50.555
10440,299.644,50.846
14040,299.12,48.44
14400,299.035,48.61
17640,298.2,58.16
18000,298.035,59.175
18360,297.815,60.037
18720,297.617,60.95
19080,297.488,61.865
19440,297.405,62.88
19800,297.377,63.148
20160,297.315,63.552
20520,297.075,64.257
20880,296.873,64.437
21240,296.558,65.712
21600,296.35,66.422
21960,294.827,66.712
22320,277.653,68.252
22680,279.687,68.787
23040,295.882,68.618
23400,295.978,68.532
23760,296.048,67.9
24120,296.19,66.46
24480,296.3,65.43
24840,296.402,64.773
25200,296.525,64.125
25560,296.678,63.06
25920,296.828,61.547
26280,296.945,59.99
26640,297.015,58.633
27000,297.032,57.785
27360,297.103,56.342
27720,297.312,55.59
28080,297.567,53.788
28440,297.678,52.083
28800,297.825,50.915
29160,298.09,49.943
29520,298.085,48.603
29880,297.973,48.533
30240,298.347,47.208
30600,296.92,47.158
30960,290.205,47.59
31320,295.915,48.093
31680,298.238,47.982
32040,298.557,47.767
32400,298.592,47.198
32760,298.38,47.145
33120,298.652,46.977
33480,298.648,47.67
33840,298.748,47.787
34200,299.148,46.783
34560,299.248,46.795
34920,299.317,47.095
35280,299.497,46.977
35640,299.758,46.385
36000,299.682,46.317
36360,300.272,45.667
36720,300.002,46.277
37080,300.273,45.318
37440,300.583,45.16
37800,300.635,45.445
38160,300.787,44.97
38520,300.837,45.687
38880,301.715,44.098
39240,301.258,44.86
39600,300.983,45.635
39960,301.698,44.143
40320,301.79,43.885
40680,301.388,44.748
41040,301.66,44.465
41400,302.453,42.647
41760,302.443,42.795
42120,302.662,42.423
42480,303.197,41.42
42840,303.087,41.548
43200,302.89,41.7
43560,302.618,42.202
43920,302.99,41.488
44280,303.417,40.737
44640,303.157,41.21
45000,303.407,40.823
45360,303.262,41.698
45720,303.79,40.498
46080,303.707,40.658
46440,303.94,40.165
46800,304.3,40.012
47160,303.97,40.49
47520,304.268,39.903
47880,304.007,40.575
48240,303.818,41.245
48600,303.99,41.24
48960,304.297,41.057
49320,304.533,40.58
49680,304.02,41.643
50040,304.108,41.513
50400,304.353,40.933
50760,303.983,41.622
51120,304.333,40.925
51480,305.198,39.442
51840,304.38,41.132
52200,304.018,42.275
52560,304.455,41.287
52920,304.698,41.383
53280,304.643,41.045
53640,304.748,40.607
54000,305.143,39.607
54360,304.9,40.207
54720,305.095,39.902
55080,304.795,40.49
55440,304.95,40.41
55800,304.845,40.598
56160,305.33,39.768
56520,305.563,39.183
56880,305.208,40.225
57240,304.977,41.358
57600,304.713,41.758
57960,305.508,40.527
58320,304.935,41.762
58680,304.907,42.283
59040,304.998,42.345
59400,305.127,41.473
59760,305.712,40.538
60120,305.333,39.973
60480,304.785,40.84
60840,304.62,40.905
61200,305.34,39.485
61560,305.337,39.312
61920,304.975,40.323
62280,305.28,39.585
62640,305.342,39.64
63000,305.568,37.747
63360,305.905,36.128
63720,305.817,36.248
64080,305.167,38.203
64440,305.58,37.578
64800,305.593,37.72
65160,305.775,36.188
65520,306.047,35.338
65880,305.998,37.138
66240,305.438,38.7
66600,305.473,38.613
66960,305.46,38.728
67320,305.35,39.287
67680,305.4,39.028
68040,305.56,38.448
68400,305.478,38.568
68760,305.648,38.01
69120,305.47,39.15
69480,305.212,39.647
69840,305.062,39.723
70200,305.273,39.645
70560,305.142,40.47
70920,305.06,40.935
71280,304.968,41.122
71640,304.728,41.512
72000,304.598,42.037
72360,304.515,42.393
72720,304.513,42.422
73080,304.39,42.882
73440,304.393,43.017
73800,304.398,42.96
74160,304.363,43.493
74520,304.255,44.305
74880,304.102,45.165
75240,304.005,45.617
75600,303.953,45.825
75960,303.83,46.187
76320,303.777,46.417
76680,303.737,46.877
77040,303.673,47.315
77400,303.615,47.717
77760,303.537,48.083
78120,303.505,48.34
78480,303.443,48.615
78840,303.354,49.004
82440,303.26,49.49
82800,303.222,49.498
83160,303.22,49.268
83520,303.165,49.437
83880,303.115,49.638
84240,303.143,49.64
84600,303.015,50.795
84960,302.63,53.318
85320,302.457,54.517
85680,302.24,56.143
86040,301.838,55.305
0,302.167,55.672
360,302.143,53.323
720,302.092,51.977
1080,302.008,51.547
1440,301.885,51.203
1800,301.813,51.173
2160,301.752,51.017
2520,301.693,51.485
2880,301.557,52.342
3240,301.356,53.338
6840,273.15,0
7200,299.713,57.155
7560,299.738,57.477
7920,300.023,56.922
8280,300.117,56.633
8640,300.058,56.508
9000,299.99,56.595
9360,299.847,56.765
9720,299.837,56.148
10080,299.872,55.388
10440,299.882,55.188
10800,299.832,55.34
11160,299.778,55.477
11520,299.738,55.375
11880,299.738,55.275
12240,299.685,55.187
12600,299.645,55.107
12960,299.593,55.342
13320,299.488,55.738
13680,299.448,55.787
14040,299.453,55.54
14400,299.497,55.315
14760,299.473,55.218
15120,299.408,55.487
15480,299.353,55.565
15840,299.327,55.855
16200,299.343,55.847
16560,299.295,55.878
16920,299.232,56.082
17280,299.173,56.105
17640,299.085,56.315
18000,298.963,56.697
18360,298.982,56.975
18720,298.982,56.942
19080,298.998,56.887
19440,298.942,56.94
19800,298.882,57.192
20160,298.885,57.182
20520,298.873,57.363
20880,298.853,57.435
21240,298.835,57.637
21600,298.768,57.835
21960,298.707,58.01
22320,298.702,58.253
22680,298.767,58.277
23040,298.808,58.253
23400,298.863,57.948
23760,298.932,58.173
24120,298.955,58.605
24480,298.927,59.408
24840,298.928,59.985
25200,298.867,61.277
25560,298.752,62.93
25920,298.722,63.472
26280,298.737,64.2
26640,298.633,64.892
27000,298.698,64.987
27360,298.602,65.51
27720,298.215,66.17
28080,298.572,65.88
28440,298.842,65.317
28800,299.177,64.19
29160,299.057,64.38
29520,298.748,64.612
29880,297.062,63.762
30240,289.79,63.312
30600,297.67,63.403
30960,299.237,62.423
31320,299.712,61.975
31680,300.19,60.467
32040,300.008,61.173
32400,300.445,59.732
32760,300.433,60.198
33120,300.542,59.71
33480,300.363,60.017
33840,300.203,60.198
34200,300.412,59.127
34560,300.483,59.395
34920,300.765,58.545
35280,300.397,59.942
35640,300.125,61.473
36000,300.255,60.965
36360,300.32,61.052
36720,300.378,61.09
37080,300.292,61.333
37440,300.313,61.245
37800,300.338,61.323
38160,300.462,61.282
38520,300.192,62.077
38880,300.478,60.275
39240,300.858,58.638
39600,300.688,59.6
39960,300.253,60.282
40320,299.87,61.575
40680,299.345,61.528
41040,299.132,60.143
41400,299.17,59.208
41760,299.102,61.71
42120,298.662,63.058
42480,299.023,61.308
42840,299.343,59.93
43200,299.518,58.873
43560,299.423,60.373
43920,299.448,60.538
44280,286.537,58.555
44640,257.657,57.535
45000,251.545,58.645
45360,232.705,59.428
45720,232.302,58.615
46080,232.693,58.532
46440,230.142,57.28
46800,230.79,55.325
47160,231.358,56.378
47520,231.187,54.613
47880,232.357,53.765
48240,238.353,52.178
48600,238.838,51.99
48960,240.747,47.677
49320,242.627,45.425
49680,243.063,46.765
50040,253.66,47.09
53640,305.56,43.78
54000,305.613,44.188
54360,305.747,44.055
54720,306.242,42.548
55080,306.288,41.297
55440,305.832,43.013
55800,305.74,42.717
56160,305.92,42.057
56520,305.848,41.187
56880,305.702,40.975
57240,305.91,40.065
57600,306.902,38.172
57960,306.458,38.26
58320,306.683,37.1
58680,306.442,36.647
59040,306.077,37.128
59400,305.938,37.938
59760,306.355,36.715
60120,306.368,36.342
60480,306.62,35.913
60840,306.143,36.197
61200,306.432,35.355
61560,306.852,34.647
61920,306.543,34.65
62280,306.278,35.047
62640,306.677,35.32
63000,306.182,36.073
63360,306.778,34.925
63720,306.47,35.865
64080,306.427,37.068
64440,306.293,36.938
64800,297.953,35.863
65160,281.16,35.898
65520,283.498,36.383
65880,287.625,36.633
66240,287.383,36.877
66600,290.187,35.958
66960,229.267,34.253
67320,226.57,33.585
67680,242.598,33.415
68040,251.936,33.128
71640,257.35,31
72000,257.865,30.982
72360,261.903,30.402
72720,261.085,29.395
73080,257.215,28.745
73440,262.99,28.203
73800,263.28,28.44
74160,264.575,28.313
74520,226.743,29.26
74880,226.735,30.653
75240,228.73,31.543
75600,230.537,32.383
75960,229.997,34.1
76320,238.322,35.12
76680,257.56,36.242
77040,273.058,36.56
77400,279.783,36.498
77760,281.392,35.335
78120,285.75,33.728
78480,293.363,33.278
78840,302.25,33.28
82440,302.17,52.92
82800,302.14,53.525
83160,302.032,54.333
83520,301.885,55.292
83880,301.808,55.61
84240,301.73,56.223
84600,301.825,56.053
84960,301.688,56.503
85320,301.632,56.907
85680,301.572,57.517
86040,301.258,57.672
0,301.422,58.685
360,301.202,60.01
720,301.015,60.985
1080,300.503,62.143
1440,269.352,62.89
1800,251.228,63.455
2160,225.683,63.95
2520,227.273,64.715
2880,223.863,64.867
3240,225.058,64.91
6840,273.15,0
7200,288.552,66.61
7560,299.408,66.897
7920,299.435,67.028
8280,280.64,66.923
8640,250.68,66.893
9000,275.517,67.052
9360,299.348,67.012
9720,299.498,66.913
10080,299.473,66.642
10440,299.453,66.227
10800,299.515,65.425
11160,299.475,65.105
11520,299.447,64.728
11880,299.412,64.763
12240,299.395,64.492
12600,299.358,64.477
12960,299.303,64.678
13320,299.225,65.143
13680,299.112,65.338
14040,299.04,65.275
14400,298.948,65.255
14760,298.888,64.785
15120,298.887,64.305
15480,298.832,64.24
15840,298.75,64.105
16200,298.728,63.667
16560,298.687,63.455
16920,298.647,63.388
17280,298.647,63.183
17640,298.578,63.187
18000,298.558,62.867
18360,298.505,62.842
18720,298.378,62.788
19080,268.632,62.672
19440,249.428,62.203
19800,244.45,62.003
20160,242.777,61.628
20520,241.398,61.345
20880,239.925,61.235
21240,250.717,61.173
21600,273.323,61.025
21960,277.663,60.69
22320,275.203,60.503
22680,278.407,60.063
23040,277.512,59.907
23400,277.542,59.615
23760,271.378,59.49
24120,271.703,59.75
24480,271.747,59.895
24840,275.882,60.306
28440,240.4,64.6
28800,240.972,64.788
29160,238.975,64.242
29520,236.772,64.735
29880,237.3,65.067
30240,235.545,63.593
30600,237.82,63.487
30960,256.14,64.163
31320,282.2,64.372
31680,296.542,63.378
32040,297.516,63.45
35640,255.1,60.72
36000,250.412,61.243
36360,249.165,60.702
36720,250.79,61.273
37080,248.843,58.238
37440,250.807,55.7
37800,255.958,56.157
38160,264.752,53.443
38520,282.635,51.773
38880,296.315,52.948
39240,268.46,51.282
39600,248.39,50.655
39960,249.513,48.582
40320,248.972,47.612
40680,246.948,47.483
41040,247.388,46.412
41400,245.415,44.89
41760,243.432,44.207
42120,261.675,42.623
42480,287.21,40.755
42840,298.45,41.325
43200,301.158,40.867
43560,302.95,39.708
43920,302.788,40.558
44280,303.433,40.06
44640,304.408,38.883
45000,304.782,38.518
45360,303.622,40.26
45720,303.57,40.738
46080,303.98,39.757
46440,304.268,38.907
46800,304.273,38.838
47160,304.085,39.607
47520,303.993,40.108
47880,304.527,39.387
48240,304.347,40.09
48600,305.122,38.753
48960,304.607,39.908
49320,304.392,39.973
49680,304.675,40.155
50040,305.228,39.665
50400,305.022,40.707
50760,304.613,41.215
51120,304.445,41.797
51480,304.927,40.788
51840,305.528,38.45
52200,305.347,38.348
52560,305.108,38.05
52920,304.922,39.43
53280,304.725,39.87
53640,305.193,38.842
54000,305.505,36.867
54360,304.915,38.595
54720,305.345,35.887
55080,306.12,33.503
55440,306.412,34.138
55800,306.125,35.358
56160,306.372,35.432
56520,306.348,35.715
56880,305.828,37.043
57240,306.143,36.377
57600,306.338,36.285
57960,306.585,35.493
58320,306.685,33.137
58680,306.488,32.808
59040,306.68,33.678
59400,306.935,33.172
59760,306.43,33.925
60120,306.422,34.668
60480,306.408,36.163
60840,306.372,35.3
61200,306.77,32.765
61560,307.082,28.852
61920,307.033,27.078
62280,307.098,26.038
62640,307.347,25.11
63000,307.225,23.272
63360,307.403,23.063
63720,307.27,25.475
64080,307.462,24.135
64440,307.163,24.8
64800,307.225,25.96
65160,307.08,27.108
65520,307.078,28.447
65880,307.008,28.872
66240,306.898,31.022
66600,306.862,34.52
66960,306.648,36.295
67320,306.623,36.987
67680,306.612,37.585
68040,306.748,38.617
68400,306.433,40.242
68760,306.11,41.718
69120,306.197,41.507
69480,306.452,41.083
69840,305.932,40.698
70200,305.857,40.383
70560,305.687,40.418
70920,304.505,40.595
71280,282.21,40.422
71640,226.058,40.727
72000,223.245,41.493
72360,223.215,41.698
72720,223.183,41.002
73080,223.18,40.338
73440,223.2,40.762
73800,223.195,41.08
74160,223.3,42
74520,223.632,40.595
74880,223.673,38.788
75240,232.102,38.042
75600,254.172,38.735
75960,277.755,39.4
76320,298.055,40.088
76680,302.86,40.137
77040,304.217,39.953
77400,304.872,40.472
77760,304.915,40.853
78120,304.66,44.767
78480,304.482,46.62
78840,304.365,47.573
79200,304.317,47.123
79560,304.325,46.413
79920,304.298,46.318
80280,304.31,45.642
80640,304.263,45.4
81000,304.242,45.303
81360,304.238,45.292
81720,304.242,45.103
82080,304.247,44.92
82440,304.25,44.577
82800,304.218,44.78
83160,304.115,45.407
83520,304.103,44.908
83880,304.04,45.415
84240,303.935,45.557
84600,303.94,45.053
84960,303.892,45.01
85320,303.885,45.183
85680,303.453,47.86
86040,298.232,51.243
0,303.385,48.443
360,303.363,48.925
720,303.382,49.52
1080,303.278,49.955
1440,303.09,50.67
1800,302.752,52.693
2160,302.663,53.585
2520,302.493,54.927
2880,302.382,55.523
3240,302.335,55.78
3600,302.252,56.33
3960,302.093,57.453
4320,301.982,58.037
4680,285.403,58.403
5040,266.108,58.692
5400,252.477,59.087
5760,231.052,59.472
6120,224.737,59.71
6480,226.455,59.895
6840,230.57,60.068
7200,266.83,60.138
7560,247.847,60.075
7920,230.497,60.023
8280,228.577,60.04
8640,227.915,59.737
9000,273.562,59.377
9360,291.138,59.685
9720,298.95,59.985
10080,271.528,60.128
10440,242.66,60.187
10800,287.265,60.433
11160,300.205,60.917
11520,300.235,61.325
11880,300.145,61.905
12240,300.04,62.348
12600,299.947,62.708
12960,299.943,62.62
13320,299.882,62.773
13680,299.817,62.933
14040,299.758,63.098
14400,299.7,63.22
14760,299.687,63.243
15120,299.585,63.423
15480,299.56,63.293
15840,299.487,63.383
16200,299.52,63.07
16560,299.448,63.203
16920,299.44,63.152
17280,299.387,63.298
17640,299.377,63.38
18000,299.245,63.6
18360,298.777,63.867
18720,297.89,63.963
19080,298.792,63.955
19440,298.957,63.89
19800,298.838,64.508
20160,298.677,65.437
20520,298.593,65.948
20880,298.587,66.077
21240,297.205,66.392
21600,256.702,67.382
21960,254.543,67.935
22320,243.228,68.55
22680,235.268,69.26
23040,234.807,69.747
23400,236.41,70.218
23760,239.463,70.202
24120,243.333,70.072
24480,257.505,69.762
24840,264.758,68.67
25200,267.745,68.772
25560,262.137,67.323
25920,262.93,67.005
26280,274.972,67.038
26640,299.178,65.952
27000,299.452,64.828
27360,299.83,63.317
27720,299.802,62.628
28080,299.065,62.835
28440,298.532,62.572
28800,298.282,62.03
29160,297.463,61.545
29520,277.97,60.355
29880,230.873,58.827
30240,228.293,58.403
30600,225.727,58.04
30960,225.862,56.395
31320,226.472,55.612
31680,229.442,55.867
32040,226.888,55.797
32400,225.237,55.253
32760,225.055,55.3
33120,224.952,55.3
33480,225.287,54.752
33840,225.73,55.148
34200,224.862,54.545
34560,224.837,54.748
34920,224.822,53.638
35280,224.173,54.448
35640,224.593,53.777
36000,224.735,54.55
36360,224.9,55.32
36720,225.207,54.237
37080,225.762,53.507
37440,225.078,52.583
37800,224.718,53.097
38160,224.793,54.017
38520,224.712,53.067
38880,225.057,53.295
39240,225.462,53.462
39600,224.82,51.597
39960,224.685,52.5
40320,224.008,53.297
40680,224.17,51.702
41040,224.92,53.257
41400,225.952,51.408
41760,225.747,50.365
42120,227.42,50.282
42480,231.798,50.733
42840,237.845,50.423
43200,232.465,48.595
43560,228.348,49.683
43920,230.928,49.728
44280,232.035,50.362
44640,233.123,50.532
45000,234.277,48.738
45360,233.893,48.895
45720,234.6,48.225
46080,239.523,48.552
46440,244.606,50.116
32040,300.22,64.54
32400,300.32,64.65
32760,300.455,64.012
33120,300.462,64.363
33480,300.855,63.102
33840,300.74,63.652
34200,301.583,61.075
34560,301.642,60.827
34920,301.578,61.373
35280,301.772,60.825
35640,301.482,61.597
36000,301.478,61.785
36360,301.622,61.402
36720,301.957,60.19
37080,302.122,59.817
37440,302.285,59.067
37800,302.115,59.545
38160,302.503,58.64
38520,302.308,59.462
38880,302.272,59.495
39240,302.412,58.707
39600,302.948,56.933
39960,303.252,56.87
40320,303.557,55.497
40680,303.257,55.803
41040,302.882,56.152
41400,303.278,54.97
41760,303.525,54.34
42120,303.517,53.727
42480,303.355,53.95
42840,303.65,52.468
43200,304.158,50.37
43560,277.94,50.75
43920,304.495,50.012
44280,304.447,49.407
44640,304.782,49.067
45000,304.79,50.49
45360,304.2,50.643
45720,304.32,50.332
46080,304.595,49.052
46440,304.667,49.982
46800,291.763,49.173
47160,297.108,47.79
47520,304.71,48.648
47880,305.835,45.985
48240,305.283,45.728
48600,305.852,45.532
48960,306.733,43.608
49320,305.993,46.157
49680,306.452,44.79
50040,306.103,45.457
50400,305.82,45.978
50760,305.72,45.982
51120,305.717,45.13
51480,305.488,44.152
51840,305.897,43.538
52200,306.045,44.453
52560,306.152,44.105
52920,307.137,41.645
53280,305.932,45.79
53640,306.075,45.638
54000,306.548,43.967
54360,306.493,43.588
54720,306.28,45.885
55080,306.035,45.833
55440,306.438,44.455
55800,306.705,43.995
56160,306.925,43.75
56520,306.805,43.802
56880,307.052,42.107
57240,307.642,40.127
57600,307.022,41.123
57960,307.517,40.038
58320,307.282,40.342
58680,307.202,40.847
59040,307.187,40.623
59400,307.362,40.557
59760,306.968,41.813
60120,306.947,41.462
60480,306.992,39.272
60840,307.605,35.75
61200,307.792,31.228
61560,307.853,28.937
61920,308.075,28.273
62280,308.462,28.718
62640,307.807,31.312
63000,307.467,34.03
63360,307.645,39.003
63720,307.957,38.325
64080,307.888,37.787
64440,307.763,37.738
64800,307.582,37.808
65160,307.5,37.422
65520,307.597,37.407
65880,307.678,37.003
66240,307.88,35.322
66600,308.028,34.238
66960,308.2,34.215
67320,308.245,34.475
67680,307.83,35.718
68040,307.76,36.04
68400,307.365,37.097
68760,307.7,36.543
69120,307.57,35.927
69480,307.548,35.89
69840,305.158,35.688
70200,302.98,35.66
70560,302.738,36.015
70920,302.548,37.218
71280,302.27,38.375
71640,302.273,38.217
72000,302.227,37.593
72360,302.695,38.812
72720,303.922,39.173
73080,303.902,39.568
73440,303.812,40.212
73800,303.885,40.07
74160,304.508,39.033
74520,305.508,38.023
74880,306.177,38.175
75240,306.142,38.807
75600,305.99,39.538
75960,305.952,38.693
76320,305.928,38.737
76680,305.857,38.673
77040,305.742,39.357
77400,305.703,39.415
77760,305.71,39.342
78120,305.62,39.612
78480,305.592,39.215
78840,305.507,39.457
79200,305.355,40.15
79560,305.233,40.782
79920,304.945,42.547
80280,304.703,41.71
80640,304.553,40.553
81000,304.428,39.75
81360,304.392,39.583
81720,304.43,39.377
82080,304.4,38.897
82440,304.328,37.698
82800,304.265,37.457
83160,304.182,37.035
83520,304.065,37.013
83880,303.942,37.415
84240,303.845,37.528
84600,303.728,37.88
84960,303.615,38.208
85320,274.097,38.57
85680,237.595,38.723
86040,290.237,42.405
0,301.278,39.9
360,290.777,40.215
720,300.62,40.578
1080,301.325,40.595
1440,302.857,40.61
1800,302.312,40.425
2160,299.858,40.767
2520,300.017,40.877
2880,302.988,40.87
3240,303.018,41.583
3600,302.988,41.817
3960,303.06,42.097
4320,302.972,42.41
4680,302.953,42.693
5040,302.98,42.795
5400,302.943,43.04
5760,302.902,43.213
6120,302.86,43.453
6480,302.785,43.623
6840,302.768,43.775
7200,302.812,43.528
7560,302.76,43.505
7920,302.663,43.747
8280,302.622,43.863
8640,302.567,44.202
9000,302.565,44.13
9360,302.552,44.39
9720,302.568,44.547
10080,302.493,44.943
10440,302.413,45.275
10800,302.395,45.578
11160,302.498,45.22
11520,302.407,45.445
11880,302.435,45.382
12240,302.332,45.568
12600,302.413,44.87
12960,302.305,45.4
13320,302.27,45.188
13680,302.093,45.332
14040,301.897,45.62
14400,301.808,45.842
14760,301.733,46.135
15120,301.76,45.878
15480,301.705,46.032
15840,301.625,46.413
16200,301.368,46.708
16560,288.557,46.715
16920,265.527,46.622
17280,266.038,46.697
17640,265.972,46.613
18000,267.453,46.712
18360,264.022,45.782
18720,289.192,45.61
19080,295.69,45.913
19440,298.508,46.212
19800,300.57,46.808
20160,291.383,49.365
20520,260.9,53.628
20880,235.033,53.865
21240,258.675,54.71
21600,300.185,55.457
21960,300.125,56.063
22320,300.105,56.645
22680,300.005,57.16
23040,300.085,57.265
23400,300.043,57.532
23760,300.11,57.272
24120,300.288,56.413
24480,300.5,56.125
24840,300.885,54.972
25200,300.74,55.32
25560,300.735,55.292
25920,301.003,53.325
26280,300.973,53.032
26640,301.013,53.45
27000,301.307,52.91
27360,301.177,53.125
27720,300.997,53.862
28080,300.727,55.25
28440,300.097,55.307
28800,283.405,54.658
29160,258.698,53.387
29520,228.625,52.832
29880,225.923,52.287
30240,234.218,52.138
30600,276.542,52.107
30960,282.218,51.365
31320,280.582,51.152
31680,227.047,51.433
32040,223.74,51.328
32400,224.045,49.662
32760,230.608,48.473
33120,225.243,48.57
33480,236.693,46.237
33840,229.383,47.393
34200,236.23,46.037
34560,240.352,45.79
34920,229.383,44.752
35280,226.198,44.508
35640,226.403,43.778
36000,226.65,41.9
36360,227.008,41.755
36720,227.32,41.387
37080,227.772,39.378
37440,231.318,39.272
37800,255.155,40.425
38160,269.787,39.213
38520,278.193,39.368
38880,280.845,38.485
39240,274.465,37.23
39600,278.502,37.292
39960,287.41,38.018
40320,287.353,38.683
40680,290.257,39.363
41040,291.317,41.228
41400,291.133,40.478
41760,281.095,40.807
42120,281.033,41.743
42480,282.728,40.83
42840,284.958,41.695
43200,287.167,39.898
43560,287.372,41.573
43920,290.73,40.27
44280,292.06,38.95
44640,293.617,40.118
45000,293.603,39.202
45360,295.623,38.793
45720,295.693,38.355
46080,294.287,38.2
46440,293.632,36.952
46800,294.4,37.473
47160,295.53,35.942
47520,298.797,35.037
47880,299.982,36.527
48240,300.567,37.017
48600,299.173,37.442
48960,298.902,37.273
49320,298.622,37.653
49680,299.555,38.413
50040,300.222,37.133
50400,300.343,36.462
50760,300.008,36.32
51120,299.603,36.183
51480,299.638,35.795
51840,299.665,35.593
52200,299.685,35.497
52560,300.172,34.69
52920,299.595,35.717
53280,300.047,34.63
53640,300.067,34.473
54000,299.728,35.742
54360,299.643,35.61
54720,299.84,34.812
55080,299.512,34.357
55440,305.65,35.205
55800,308.2,33.572
56160,308.817,33.288
56520,308.503,33.272
56880,308.883,31.788
57240,308.56,33.758
57600,308.703,31.977
57960,308.975,31.662
58320,308.488,33.527
58680,308.398,34.388
59040,308.523,34.305
59400,308.63,31.712
59760,308.767,33.428
60120,308.677,33.775
60480,308.797,33.662
60840,308.755,34.485
61200,308.795,33.368
61560,308.622,31.677
61920,308.737,31.963
62280,308.98,31.257
62640,308.728,32.752
63000,309.042,32.227
63360,309.012,31.053
63720,308.897,30.847
64080,309.092,30.65
64440,308.877,31.323
64800,308.787,33.043
65160,308.897,33.3
65520,308.65,33.905
65880,308.447,34.228
66240,308.48,33.642
66600,308.708,33.218
66960,304.543,34.755
67320,300.927,34.507
67680,298.632,34.368
68040,298.42,34.378
68400,298.04,34.592
68760,298.807,34.777
69120,301.385,35.13
69480,302.245,36.278
69840,299.988,36.82
70200,289.475,36.698
70560,239.302,36.905
70920,225.078,36.96
71280,225.388,37.127
71640,227.565,37.123
72000,228.013,38.447
72360,227.122,38.572
72720,228.365,38.928
73080,228.348,39.223
73440,227.67,39.558
73800,227.223,40.027
74160,227.357,39.84
74520,254.162,39
74880,303.585,38.037
75240,306.713,38.815
75600,306.695,39.875
75960,306.665,40.618
76320,306.628,41.023
76680,306.517,41.47
77040,306.455,41.792
77400,306.478,41.672
77760,306.462,41.61
78120,306.342,41.477
78480,306.293,41.083
78840,306.165,40.745
79200,306.04,40.615
79560,305.902,40.837
79920,305.858,40.76
80280,305.85,40.74
80640,305.948,40.175
81000,305.877,40.425
81360,305.78,40.688
81720,305.692,41.092
82080,305.582,41.133
82440,304.637,40.628
82800,280.347,41.528
83160,281.618,42.372
83520,284.122,43.367
83880,281.382,43.91
84240,277.873,43.69
84600,279.607,44.035
84960,279,44.152
85320,280.715,44.238
85680,279.307,44.125
86040,282.185,44.34
0,277.312,44.913
360,255.908,44.867
720,275.523,45.583
1080,297.697,46.027
1440,294.505,46.503
1800,299.088,46.867
2160,303.902,46.252
2520,304.553,45.97
2880,304.46,46.755
3240,304.488,46.555
3600,304.537,46.347
3960,304.372,47.06
4320,304.233,47.877
4680,304.09,48.65
5040,303.99,48.81
5400,303.842,49.453
5760,303.632,50.525
6120,303.53,51.02
6480,303.443,51.387
6840,303.357,51.607
7200,303.275,52.082
7560,303.173,52.538
7920,303.275,52.012
8280,303.247,52.115
8640,303.163,52.493
9000,303.18,52.217
9360,303.142,52.417
9720,303.142,52.458
10080,303.053,52.848
10440,302.982,52.933
10800,302.818,53.492
11160,302.665,54.02
11520,302.507,54.337
11880,265.888,55.083
12240,236.027,54.918
12600,232.13,54.903
12960,233.648,55.693
13320,243.038,56.282
13680,254.248,56.138
14040,240.056,56.638
17640,301.1,60.1
18000,301.125,60.13
18360,301.155,59.657
18720,301.225,59.51
21240,301.39,57.13
21600,301.413,57.167
21960,301.537,56.767
24840,301.5,58.44
25200,301.458,58.645
25560,301.588,58.4
28440,223.82,54.63
28800,224.173,54.222
29160,223.702,53.68
29520,223.262,52.427
29880,223.3,51.24
30240,223.585,50.978
30600,224.527,51.077
30960,223.818,50.413
31320,223.578,50.423
31680,223.41,51.057
32040,223.44,50.913
32400,223.457,50.102
32760,223.482,49.873
33120,223.782,48.7
33480,223.745,48.627
33840,223.627,47.892
34200,223.45,47.217
34560,223.56,46.328
34920,223.538,46.468
35280,223.99,45.683
35640,223.905,46.043
36000,224.857,45.54
36360,224.498,44.553
36720,224.498,43.965
37080,224.13,44.468
37440,223.702,43.477
37800,223.622,44.352
38160,223.735,43.327
38520,223.822,43.198
38880,223.83,43.113
39240,223.915,42.302
39600,223.822,42.187
39960,223.89,41.743
40320,224.055,41.805
40680,224.463,42.345
41040,225.01,41.503
41400,223.8,41.025
41760,223.36,41.652
42120,223.477,40.592
42480,223.652,41.328
42840,223.762,39.708
43200,223.803,40.343
43560,223.977,39.843
43920,224.063,40.932
44280,224.237,40.735
44640,224.32,39.968
45000,224.493,39.538
45360,224.365,39.335
45720,224.578,39.447
46080,224.458,38.163
46440,224.577,38.575
46800,224.808,39.857
47160,224.807,39.132
47520,225.09,37.31
47880,270.29,35.395
48240,292.702,35.913
48600,287.99,37.635
48960,280.215,36.703
49320,260.953,34.613
49680,239.898,35.28
50040,248.377,35.233
50400,256.992,36.868
50760,228.522,35.892
51120,226.145,35.487
51480,226.183,34.557
51840,228.04,34.182
52200,229.685,35.997
52560,231.472,34.23
52920,235.535,32.508
53280,236.428,33.543
53640,248.17,33.177
54000,254.017,31.89
54360,292.602,32.897
54720,239.92,33.852
55080,227.743,32.983
55440,229.978,31.61
55800,247.327,27.29
56160,288.547,22.382
56520,296.878,25.36
56880,298.838,25.5
57240,299.93,25.465
57600,301.222,24.477
57960,303.148,26.433
58320,303.98,26.358
58680,304.94,26.262
59040,304.438,29.183
59400,304.478,32.067
59760,304.753,33.127
60120,304.018,32.075
60480,303.455,27.867
60840,303.662,28.212
61200,303.793,27.28
61560,304.077,26.448
61920,304.38,27.322
62280,303.813,28.498
62640,302.407,29.305
63000,279.26,28.877
63360,265.097,30.17
63720,229.847,31.613
64080,228.562,32.318
64440,228.258,34.057
64800,228.787,32.717
65160,230.18,29.605
65520,235.58,27.36
65880,250.122,25.943
66240,252.742,25.402
66600,259.33,25.212
66960,262.407,26.598
67320,266.335,28.023
67680,269.762,27.382
68040,245.988,26.523
68400,227.928,26.645
68760,224.152,27.35
69120,223.77,30.255
69480,224.258,37.98
69840,223.282,38.805
70200,223.35,40.182
70560,223.22,40.898
70920,223.197,40.483
71280,223.208,39.883
71640,223.245,40.388
72000,223.268,40.535
72360,223.342,39.978
72720,224.062,40.063
73080,224.542,40.082
73440,226.252,40.208
73800,256.203,41.212
74160,306.437,41.743
74520,306.598,42.175
74880,306.585,42.46
75240,306.573,42.513
75600,306.318,44.387
75960,306.29,43.94
76320,306.342,43.717
76680,306.293,43.895
77040,306.253,44.012
77400,306.198,44.265
77760,306.142,44.643
78120,306.105,44.945
78480,305.975,45.32
78840,305.897,45.245
79200,305.878,44.972
79560,305.748,45.243
79920,305.75,44.972
80280,305.697,42.208
80640,305.6,40.07
81000,305.475,38.16
81360,305.395,37.367
81720,305.247,37.027
82080,305,37.507
82440,304.778,37.967
82800,303.477,38.485
83160,284.617,38.567
83520,296.088,38.503
83880,304.248,39.163
84240,303.805,39.255
84600,300.707,39.607
84960,293.178,39.975
85320,293.023,40.375
85680,291.25,40.918
86040,285.358,42.708
0,296.222,40.727
360,303.275,40.413
720,303.47,40.198
1080,303.403,40.483
1440,303.41,40.533
1800,303.147,41.562
2160,302.892,42.718
2520,302.527,43.643
2880,294.478,43.535
3240,285.655,43.793
3600,299.227,43.893
3960,278.38,44.022
4320,255.012,43.895
4680,291.062,43.21
5040,300.983,42.797
5400,302.28,42.642
5760,302.378,42.408
6120,302.418,42.338
6480,302.438,42.148
6840,302.382,42.437
7200,302.402,42.312
7560,302.322,42.497
7920,302.25,42.438
8280,302.19,42.653
8640,301.902,42.995
9000,251.417,43.038
9360,300.207,43.44
9720,302.275,43.18
10080,302.21,43.303
10440,302.077,44.028
10800,301.857,44.767
11160,301.748,45.312
11520,301.718,45.598
11880,301.665,45.848
12240,301.558,46.47
12600,301.46,46.262
12960,301.317,46.903
13320,301.162,47.857
13680,301.058,48.49
14040,299.798,48.942
14400,300.833,49.207
14760,292.247,49.635
15120,251.245,50.322
15480,258.918,50.74
15840,241.013,51.283
16200,267.928,51.95
16560,299.82,52.375
16920,300.408,53.28
17280,300.38,54.127
17640,300.422,54.427
18000,300.318,55.118
18360,300.323,55.353
18720,300.353,55.313
19080,300.355,55.312
19440,300.32,55.533
19800,300.297,55.385
20160,300.208,55.557
20520,300.172,56.057
20880,300.122,56.123
21240,300.048,56.882
21600,299.917,58.935
21960,299.863,60.112
22320,299.87,60.293
22680,299.853,60.272
23040,299.875,60.308
23400,299.86,60.098
23760,299.842,59.943
24120,299.963,59.663
24480,300.078,59.162
24840,300.082,59.068
25200,300.157,58.675
25560,300.238,57.552
25920,300.31,57.322
26280,300.588,56.328
26640,300.593,56.198
27000,300.583,55.42
27360,300.688,55.635
27720,300.608,55.497
28080,300.82,54.782
28440,301.04,53.862
28800,301.173,52.912
29160,300.898,53.162
29520,300.862,53.615
29880,301.212,53.112
30240,301.327,53.088
30600,301.277,53.017
30960,301.238,52.877
31320,301.39,52.63
31680,301.503,52.023
32040,301.917,51.358
32400,301.658,52.987
32760,301.575,53.71
33120,301.56,53.11
33480,301.95,51.493
33840,302.57,49.593
34200,292.23,50.272
34560,231.083,49.788
34920,223.81,49.457
35280,223.897,49.017
35640,223.79,48.465
36000,223.865,47.25
36360,223.87,47.972
36720,223.667,49.723
37080,223.758,49.342
37440,223.755,48.645
37800,223.755,49.492
38160,223.782,48.735
38520,223.787,48.828
38880,223.698,47.663
39240,223.86,46.572
39600,223.885,47.062
39960,225.083,46.032
40320,280.687,46.392
40680,302.853,46.482
41040,303.488,45.747
41400,304.318,45.662
41760,304.697,45.273
42120,304.627,45.877
42480,304.562,45.675
42840,304.8,44.658
43200,304.493,44.687
43560,304.603,44.547
43920,305.348,43.377
44280,305.663,42.155
44640,297.655,42.243
45000,261.697,42.48
45360,289.243,41.717
45720,299.962,42.65
46080,296.922,41.427
46440,297.585,40.52
46800,305.657,41.657
47160,305.868,40.892
47520,305.53,42.003
47880,305.737,40.482
48240,305.822,39.678
48600,305.565,41.237
48960,305.9,40.032
49320,300.025,40.26
49680,276.887,38.785
50040,275.423,40.295
50400,273.883,38.048
50760,274.048,36.798
51120,277.722,34.457
51480,282.207,34.238
51840,306.04,31.753
52200,307.368,32.362
52560,307.687,31.278
52920,307.673,29.508
53280,308.158,28.483
53640,307.397,31.897
54000,307.215,32.08
54360,307.6,31.553
54720,307.988,28.71
55080,308.287,27.355
55440,308.645,26.487
55800,308.512,25.178
56160,308.533,24.545
56520,308.475,25.503
56880,308.652,26.14
57240,308.356,26.186
68040,280.87,22.24
68400,280.413,22.113
68760,277.445,21.813
69120,275.642,21.478
69480,275.775,19.917
69840,279.077,17.328
70200,285.227,16.878
70560,292.687,15.795
70920,294.757,16.67
71280,293.002,17.75
71640,289.557,18.698
72000,237.045,20.368
72360,223.73,23.073
72720,223.34,25.397
73080,223.452,27.035
73440,250.428,27.145
73800,306.618,27.172
74160,306.647,26.485
74520,306.632,25.583
74880,306.582,26.17
75240,306.412,27.244
86040,302.36,42.2
0,303.415,55.488
360,303.058,56.47
720,272.672,57.76
1080,243.922,58.147
1440,234.282,58.028
1800,263.962,58.238
2160,282.538,57.918
2520,291.198,57.967
2880,283.322,58.178
3240,288.27,58.543
3600,288.245,58.747
3960,282.412,58.762
4320,278.328,57.145
4680,283.01,56.432
5040,286.142,55.83
5400,287.517,54.965
5760,245.095,54.192
6120,292.545,52.858
6480,298.005,51.96
6840,286.725,51.165
7200,240.368,49.42
7560,236.33,48.565
7920,234.773,47.262
8280,236.407,47.035
8640,235.49,46.947
9000,229.937,47.007
9360,272.89,46.258
9720,302.367,44.777
10080,302.487,45.897
10440,302.457,47.627
10800,302.103,51.603
11160,301.892,52.29
11520,301.82,52.078
11880,301.558,52.378
12240,274.38,52.722
12600,260.728,53.035
12960,299.762,53.308
13320,301.152,53.777
13680,301.028,54.93
14040,300.867,55.68
14400,300.753,54.97
14760,300.398,56.178
15120,300.123,57.66
15480,299.83,59.555
15840,299.682,60.567
16200,299.618,60.84
16560,299.68,60.707
16920,299.512,61.792
17280,299.487,61.807
17640,299.43,61.803
18000,299.383,61.717
18360,299.322,61.875
18720,299.237,61.905
19080,299.123,62.038
19440,299.027,62.225
19800,299.007,62.028
20160,298.967,61.862
20520,298.922,62.008
20880,298.885,62.317
21240,298.777,63.025
21600,298.608,63.825
21960,298.555,63.957
22320,298.648,63.475
22680,298.7,63.27
23040,298.718,63.212
23400,298.667,63.72
23760,298.577,64.257
24120,298.557,64.367
24480,298.58,64.272
24840,298.64,64.042
25200,298.752,63.612
25560,298.862,63.42
25920,298.96,63.083
26280,299.027,62.882
26640,299.037,62.602
27000,299.058,62.318
27360,299.103,62.093
27720,299.365,61.307
28080,299.325,61.115
28440,299.673,59.428
28800,299.682,59.677
29160,299.835,58.88
29520,299.723,59.308
29880,299.79,58.747
30240,299.695,58.717
30600,299.868,57.843
30960,299.887,57.735
31320,299.9,57.217
31680,300.083,56.097
32040,300.005,56.738
32400,300.082,56.302
32760,300.308,55.712
33120,300.215,55.885
33480,300.133,55.743
33840,300.428,55.348
34200,300.698,54.028
34560,300.562,54.022
34920,300.243,54.857
35280,300.402,54.583
35640,300.636,54.342
39240,301.94,51.89
39600,302.123,51.295
39960,302.68,49.22
40320,302.233,49.83
40680,302.883,48.537
41040,302.47,47.605
41400,303.12,46.568
41760,302.657,48.348
42120,303.113,47.902
42480,303.045,48.612
42840,302.93,49.468
50040,304.26,43.63
50400,304.665,43.473
50760,304.603,43.84
51120,304.38,44.555
51480,305.048,43.043
51840,305.122,42.668
52200,304.915,42.725
52560,304.777,42.855
52920,304.923,43
53280,305.16,42.682
53640,305.278,42.772
54000,305.277,42.378
54360,305.398,41.377
54720,305.153,41.907
55080,305.668,41.292
55440,306.29,39.713
55800,305.773,41.972
56160,305.742,41.755
56520,305.447,41.972
56880,305.69,41.455
57240,305.26,41.767
57600,305.715,41.178
57960,305.785,41.098
58320,305.792,41.018
58680,305.498,41.64
59040,305.917,40.69
59400,306.272,39.668
59760,306.507,38.878
60120,305.85,40.243
60480,305.813,40.647
60840,305.57,40.545
68040,305.21,44.72
68400,305.133,44.4
68760,305.03,44.142
69120,305.09,43.31
69480,304.973,44.075
69840,304.363,48.607
70200,303.98,50.57
70560,303.987,49.767
70920,304.01,49.453
71280,303.705,50.207
71640,303.626,49.732
82440,302.26,49.88
82800,302.048,50.908
83160,301.747,52.398
83520,301.623,53.103
83880,301.477,53.728
84240,301.047,54.838
84600,300.925,54.572
84960,300.995,53.528
85320,300.938,53.588
85680,300.817,53.827
86040,293.098,52.972
6840,273.15,0
7200,299.628,55.007
7560,299.645,54.332
7920,299.702,53.232
8280,299.743,51.662
8640,299.64,52.123
9000,298.83,56.993
9360,297.172,69.07
9720,296.05,75.643
10080,295.583,81.193
10440,295.053,86.017
10800,294.145,92.072
11160,293.657,94.383
11520,293.482,95.64
11880,293.44,94.948
12240,293.475,94.672
12600,293.555,94.827
12960,293.752,93.035
13320,294.178,91.24
13680,294.363,89.898
14040,294.318,89.815
14400,294.485,89.358
14760,294.638,88.555
15120,294.723,87.895
15480,294.695,87.755
15840,294.638,87.348
16200,294.268,88.778
16560,294.155,89.863
16920,294.157,89.528
17280,294.25,88.7
17640,294.382,86.963
18000,294.46,86.238
18360,294.527,85.515
18720,294.56,85.538
19080,294.552,85.542
19440,294.578,85.438
19800,294.58,85.872
20160,294.603,86.022
20520,294.638,85.943
20880,294.768,85.473
21240,294.852,85.06
21600,294.822,84.132
21960,295.015,83.443
22320,295.028,82.808
22680,295.165,82.218
23040,295.138,82.223
23400,295.233,82.235
23760,295.277,82.147
24120,295.145,82.715
24480,295.19,83.112
24840,295.247,83.1
25200,295.218,84.247
25560,295.128,84.313
25920,295.038,85.577
26280,294.92,85.177
26640,295.007,84.377
27000,295.09,83.738
27360,295.123,82.842
27720,295.165,82.262
28080,295.198,81.335
28440,295.263,79.687
35640,298.57,65.46
36000,298.437,65.877
36360,298.707,64.508
36720,298.503,65.08
37080,298.467,65.485
37440,298.732,65.32
37800,298.628,64.393
38160,299.247,63.068
38520,298.987,63.918
38880,299.207,63.438
39240,299.613,61.517
42840,300.41,61.36
43200,300.233,61.552
43560,300.69,59.937
43920,300.438,61.203
44280,300.6,60.895
44640,300.945,59.777
45000,300.91,59.04
45360,301.19,59.4
45720,301.2,58.29
46080,301.563,57.19
46440,301.205,58.698
50040,302.46,51.92
50400,302.305,53.197
50760,302.355,53.238
51120,302.8,52.053
51480,303.058,51.232
51840,302.778,51.93
52200,304.155,48.155
52560,303.193,50.362
52920,303.362,50.073
53280,303.53,49.96
53640,303.484,50.65
64440,303.9,51.97
64800,304.075,51.792
65160,303.837,52.518
65520,304.488,49.517
65880,303.937,50.538
66240,304.062,49.765
66600,304.128,48.858
66960,304.232,47.845
67320,303.857,51.052
67680,303.47,52.488
68040,303.45,52.256
78840,301.96,52.56
79200,301.925,53.018
79560,301.857,53.583
79920,301.725,54.163
80280,301.663,54.107
80640,301.605,53.875
81000,301.585,53.552
81360,301.537,53.548
81720,301.513,53.767
82080,301.512,53.493
82440,301.478,53.852
3240,300.84,29.52
3600,300.782,29.885
3960,300.695,30.243
4320,300.627,30.487
4680,300.53,30.573
5040,300.37,30.838
5400,300.282,31.09
5760,300.17,31.828
6120,300.118,32.56
6480,300.038,33.088
6840,299.933,33.943
7200,299.933,34.798
7560,299.895,35.012
7920,299.817,35.338
8280,299.733,35.477
8640,299.668,35.298
9000,299.575,35.275
9360,299.415,35.193
9720,299.312,35.227
10080,299.172,35.5
10440,299.14,35.462
10800,299.05,35.477
11160,299.055,35.152
11520,298.965,35.247
11880,298.958,35.133
12240,298.888,35.795
12600,298.677,36.503
12960,298.665,36.37
13320,298.657,36.587
13680,298.603,36.522
14040,298.542,36.452
14400,298.485,36.29
14760,298.528,35.537
15120,298.535,34.995
15480,298.495,34.725
15840,298.438,34.542
16200,298.513,33.238
16560,298.462,33.187
16920,298.442,32.922
17280,298.423,32.723
17640,298.427,32.44
18000,298.363,32.585
18360,298.312,32.99
18720,298.127,33.297
19080,298.097,33.182
19440,298.033,33.35
19800,298.025,33.477
20160,297.948,34.275
20520,297.825,34.167
20880,297.827,34.123
21240,297.807,34.327
60840,301.61,40.39
61200,301.715,39.868
61560,302.228,38.762
61920,301.955,39.592
62280,301.717,40.493
62640,301.762,40.592
63000,301.615,40.398
63360,302.032,40.06
63720,301.87,40.68
64080,302.193,40.12
64440,302.102,40.628
64800,302.068,41.202
65160,302.012,40.462
65520,302.048,40.933
65880,301.905,42.022
66240,301.79,42.522
66600,301.918,42.445
66960,302.053,41.852
67320,302.135,41.448
67680,301.968,42.282
68040,302.018,42.653
71640,262.05,45.91
72000,269.188,45.872
72360,276.448,46.13
72720,270.757,46.41
73080,257.645,46.528
73440,250.262,46.473
73800,271.097,46.995
74160,273.725,47.115
74520,276.582,46.973
74880,281.23,47.067
75240,277.332,47.68
6840,273.15,0
7200,259.758,71.473
7560,297.78,71.732
7920,298.012,71.807
8280,297.973,71.978
8640,297.817,72.23
9000,294.453,71.618
9360,279.442,61.265
9720,245.655,57.66
10080,234.162,57.6
10440,231.643,58.167
10800,231.098,59.078
11160,231.407,59.94
11520,246.973,61.318
11880,287.95,61.65
12240,295.657,61.487
12600,297.378,61.385
12960,294.61,60.998
13320,262.662,60.742
13680,263.055,60.927
14040,256.363,61.197
14400,254.995,61.91
14760,254.038,62.095
15120,247.807,62.677
15480,243.12,63.545
15840,278.997,63.378
16200,285.208,63.418
16560,284.282,63.627
16920,293.54,63.393
17280,297.41,63.193
17640,297.46,63.205
18000,297.5,62.305
18360,297.408,61.772
18720,294.742,61.283
19080,289.828,61.062
19440,290.595,61.68
19800,291.61,61.89
20160,290.945,62.14
20520,291.918,62.302
20880,297.365,61.94
21240,297.365,61.062
21600,297.442,60.732
21960,297.462,61.615
22320,297.128,72.015
22680,296.61,76.418
23040,296.615,76.862
23400,296.625,77.217
23760,296.635,77.437
24120,296.58,78.048
24480,296.543,78.692
24840,296.578,78.457
25200,296.607,78.35
25560,296.847,77.288
25920,296.833,76.983
26280,296.693,77.207
26640,296.795,76.745
27000,296.628,77.073
27360,296.64,77.185
27720,296.67,77.065
28080,296.612,76.487
28440,296.548,76.902
32040,295.56,74.8
32400,295.995,75.047
32760,296.595,74.482
33120,296.697,74.968
33480,296.96,74.152
33840,296.762,74.885
34200,297.068,73.41
34560,297.615,70.835
34920,298.183,68.357
35280,297.702,70.027
35640,297.926,69.046
42840,244.84,52.81
43200,243.065,52.275
43560,241.093,52.867
43920,273.335,52.895
44280,244.632,53.555
44640,241.33,51.375
45000,241.235,48.768
45360,240.037,48.082
45720,290.903,46.572
46080,301.505,44.448
46440,302.272,42.05
53640,243.09,42.94
54000,245.855,41.595
54360,249.61,41.16
54720,258.31,41.063
55080,259.527,39.733
55440,284.36,38.037
55800,301.172,39.81
56160,302.033,39.678
56520,302.902,38.073
56880,303.193,40.105
57240,303.588,38.238
60840,304.47,35.6
61200,305.248,34.775
61560,305.3,34.29
61920,305.37,31.675
62280,305.798,30.947
62640,305.35,36.318
63000,304.928,37.902
63360,305.467,36.47
63720,305.408,35.983
64080,305.093,36.327
64440,305.335,36.092
64800,305.87,36.373
65160,305.345,37.665
65520,305.477,37.318
65880,305.352,37.948
66240,305.812,37.597
66600,305.207,39.268
66960,305.345,38.685
67320,305.238,38.9
67680,305.685,38.245
68040,305.094,39.792
71640,255.74,44.7
72000,302.37,45.015
72360,303.863,46.03
72720,303.795,46.718
73080,303.86,46.722
73440,303.828,46.788
73800,303.752,46.655
74160,303.572,47.435
74520,303.405,48.013
74880,303.34,48.347
75240,303.317,48.602
75600,303.167,49.147
75960,303.077,49.362
76320,303.07,49.467
76680,303.005,49.895
77040,302.978,49.953
77400,302.955,49.882
77760,302.952,49.803
78120,302.917,49.925
78480,302.888,50.055
78840,302.852,50.134
86040,253.46,71.27
0,300,54.28
360,299.9,54.782
720,299.833,55.313
1080,299.818,55.733
1440,299.798,56.368
1800,299.728,57.087
2160,299.642,57.908
2520,299.545,58.645
2880,299.478,59.212
3240,299.415,59.868
3600,299.283,60.697
3960,299.247,60.995
4320,299.248,61.007
4680,299.273,60.868
5040,299.272,60.99
5400,299.277,60.972
5760,299.287,61.155
6120,299.325,60.945
6480,299.332,60.823
6840,299.32,60.87
7200,299.07,61.305
7560,298.815,61.998
7920,298.492,62.312
8280,237.5,62.59
8640,226.325,62.805
9000,223.695,62.94
9360,224.545,63.105
9720,232.663,63.32
10080,236.198,63.415
10440,234.997,63.488
10800,238.433,63.785
11160,239.147,64.385
11520,246.938,64.592
11880,252.513,64.217
12240,248.513,64.118
12600,255.042,63.808
12960,267.305,63.772
13320,266.745,63.733
13680,269.8,63.827
14040,269.728,63.523
14400,267.582,63.608
14760,270.228,64.687
15120,268.263,65.507
15480,266.845,66.002
15840,265.22,66.253
16200,263.898,66.212
16560,261.745,66.132
16920,250.013,66.903
17280,247.102,67.165
17640,270.112,67.23
18000,295.625,67.442
18360,297.447,67.495
18720,297.268,68.668
19080,297.053,69.917
19440,296.722,70.735
19800,296.592,71.63
20160,296.538,72.232
20520,296.547,72.238
20880,296.43,72.523
21240,296.298,72.764
24840,296.46,78.46
25200,296.508,78.082
25560,296.508,77.275
25920,296.537,76.5
26280,296.385,77.272
26640,296.382,77.782
27000,296.432,78.008
27360,296.427,78.227
27720,296.338,78.388
28080,296.28,77.547
28440,296.494,77.092
35640,297.68,68.98
36000,297.217,70.748
36360,297.597,68.93
36720,297.645,68.335
37080,297.502,69.055
37440,297.308,69.7
37800,297.355,69.368
38160,297.967,67.31
38520,297.71,68.443
38880,297.773,68.305
39240,298.754,64.674
42840,232.27,62.31
43200,247.23,63.5
43560,253.015,61.303
43920,247.738,62.825
44280,246.843,61.578
44640,247.662,61.248
45000,248.448,60.797
45360,252.288,60.783
45720,279.905,60.093
46080,294.397,58.807
46440,296.432,59.107
46800,297.945,58.402
47160,297.83,58.59
47520,300.177,57.098
47880,301.882,54.313
48240,301.143,56.565
48600,300.713,57.968
48960,300.895,57.495
49320,299.485,55.758
49680,300.482,56.17
50040,300.272,56.756
57240,302.91,48.57
57600,302.793,48.193
57960,303.008,47.412
58320,303.11,48.073
58680,302.962,48.757
59040,301.37,49.808
59400,302.363,47.653
59760,303.342,46.072
60120,303.722,46.627
60480,303.065,48.03
60840,302.906,48.506
82440,224.86,53.37
82800,224.872,53.36
83160,224.815,53.763
83520,224.665,53.857
83880,224.568,54.25
84240,224.252,54.488
84600,224.1,55.26
84960,224.345,55.815
85320,224.118,56.315
85680,225.032,56.65
86040,237.7,57.708
0,229.215,57.392
360,233.795,57.77
720,237.208,58.543
1080,245.42,59.52
1440,243.545,60.075
1800,247.732,60.43
2160,275.625,60.692
2520,297.823,61.37
2880,297.93,61.598
3240,297.926,61.838
6840,273.15,0
7200,297.395,65.57
7560,297.347,66.075
7920,297.34,66.137
8280,297.33,66.462
8640,297.317,66.342
9000,297.365,65.965
9360,297.348,66.38
9720,297.352,66.482
10080,297.313,66.863
10440,297.317,67.407
10800,297.355,67.88
11160,297.335,68.533
11520,297.365,68.302
11880,297.403,67.937
12240,297.445,67.882
12600,297.373,68.573
12960,297.347,69.07
13320,297.257,69.762
13680,297.287,69.992
14040,297.238,70.8
14400,297.248,71.145
14760,297.165,71.865
15120,297.162,71.888
15480,297.21,71.747
15840,297.167,71.918
16200,297.158,71.998
16560,297.23,71.667
16920,297.26,71.575
17280,297.277,71.548
17640,297.262,71.405
18000,297.185,71.707
18360,297.103,72.047
18720,297.098,71.837
19080,297.202,71.622
19440,297.188,71.798
19800,297.143,71.872
20160,297.188,72.138
20520,297.143,72.5
20880,297.088,72.508
21240,297.003,72.01
21600,296.907,72.45
21960,296.775,72.805
22320,296.773,72.562
22680,296.762,72.235
23040,296.83,71.205
23400,296.868,69.365
23760,296.908,68.98
24120,296.918,67.785
24480,296.883,67.37
24840,296.873,67.057
25200,296.972,66.312
25560,297.012,66.128
25920,297.037,65.418
26280,296.987,65.138
26640,286.967,64.433
27000,291.863,64.158
27360,294.638,63.53
27720,286.94,62.575
28080,293.538,62.323
28440,295.622,61.458
32040,297.75,61.15
32400,297.783,60.788
32760,298.153,60.198
33120,298.192,60.435
33480,286.093,59.853
33840,233.443,58.097
34200,231.76,55.005
34560,231.225,56.898
34920,223.472,55.312
35280,223.21,54.997
35640,223.18,56.453
36000,223.182,55.273
36360,223.2,53.89
36720,223.198,52.815
37080,223.175,54.972
37440,223.182,55.648
37800,223.173,55.56
38160,223.187,55.635
38520,223.21,54.707
38880,223.24,55.993
39240,223.307,55.31
39600,223.268,55.98
39960,223.263,55.94
40320,223.22,54.768
40680,223.163,55.22
41040,223.167,54.83
41400,223.175,54.533
41760,223.195,54.278
42120,223.18,53.488
42480,223.185,52.635
42840,223.192,52.142
43200,Nan,Nan
43560,Nan,Nan
43920,Nan,Nan
44280,Nan,Nan
44640,Nan,Nan
45000,Nan,Nan
45360,Nan,Nan
45720,Nan,Nan
46080,Nan,Nan
46440,300.75,47.36
46800,300.937,46.458
47160,300.442,47.585
47520,300.445,47.258
47880,300.827,45.973
48240,300.15,46.978
48600,300.995,45.143
48960,300.447,46.608
49320,300.663,46.292
49680,300.92,45.687
50040,299.68,46.115
50400,288.163,45.907
50760,289.483,45.29
51120,291.497,46.743
51480,291.587,46.418
51840,291.515,45.377
52200,291.317,45.942
52560,291.838,45.348
52920,292.202,45.347
53280,293.292,45.452
53640,293.57,44.892
54000,293.773,45.082
54360,301.25,43.565
54720,303.407,44.297
55080,303.792,43.57
55440,303.315,44.393
55800,303.633,43.407
56160,303.568,43.79
56520,302.032,44.907
56880,299.9,43.175
57240,300.318,42.088
57600,303.588,42.587
57960,303.672,42.707
58320,303.828,42.323
58680,303.78,42.34
59040,302.478,42.768
59400,299.483,42.39
59760,302.965,41.542
60120,304.532,40.668
60480,304.532,41.118
60840,303.988,42.634
61200,Nan,Nan
61560,Nan,Nan
61920,Nan,Nan
62280,Nan,Nan
62640,Nan,Nan
63000,Nan,Nan
63360,Nan,Nan
63720,Nan,Nan
64080,Nan,Nan
64440,Nan,Nan
64800,Nan,Nan
65160,Nan,Nan
65520,Nan,Nan
65880,Nan,Nan
66240,Nan,Nan
66600,Nan,Nan
66960,Nan,Nan
67320,Nan,Nan
67680,Nan,Nan
68040,301.21,50.79
68400,301.577,49.848
68760,301.345,49.475
69120,301.162,48.923
69480,301.203,48.135
69840,301.212,48.89
70200,283.95,49.098
70560,223.188,48.973
70920,223.57,48.74
71280,245.473,48.525
71640,285.394,48.45
72000,Nan,Nan
72360,Nan,Nan
72720,Nan,Nan
73080,Nan,Nan
73440,Nan,Nan
73800,Nan,Nan
74160,Nan,Nan
74520,Nan,Nan
74880,Nan,Nan
75240,Nan,Nan
75600,Nan,Nan
75960,Nan,Nan
76320,Nan,Nan
76680,Nan,Nan
77040,Nan,Nan
77400,Nan,Nan
77760,Nan,Nan
78120,Nan,Nan
78480,Nan,Nan
78840,Nan,Nan
79200,Nan,Nan
79560,Nan,Nan
79920,Nan,Nan
80280,Nan,Nan
80640,Nan,Nan
81000,Nan,Nan
81360,Nan,Nan
81720,Nan,Nan
82080,Nan,Nan
82440,224.13,55.61
82800,224.065,55.77
83160,224.307,56.348
83520,224.3,56.568
83880,224.555,56.98
84240,224.87,57.42
84600,225.383,58.13
84960,225.827,58.437
85320,226.507,59.028
85680,227.24,59.318
86040,230.73,59.51
3240,271.54,61.98
3600,274.563,61.923
3960,267.757,61.59
4320,271.8,60.875
4680,282.648,61.41
5040,283.083,61.633
5400,281.285,61.898
5760,247.115,62.31
6120,238.943,62.232
6480,240.048,62.523
6840,261.477,64.64
7200,266.665,65.837
7560,292.18,65.657
7920,296.98,65.58
8280,297.457,65.88
8640,297.425,66.443
9000,297.357,66.91
9360,297.265,67.457
9720,297.125,67.67
10080,296.845,67.618
10440,274.42,67.675
10800,290.503,68.427
11160,295.562,69.143
11520,296.492,70.11
11880,296.483,71.688
12240,295.268,76.033
12600,291.295,77.59
12960,267.047,78.482
13320,275.458,78.968
13680,295.668,79.545
14040,292.058,79.783
14400,293.27,79.83
14760,295.462,79.918
15120,295.538,79.85
15480,295.483,80.182
15840,295.38,80.803
16200,295.342,81.088
16560,295.317,81.268
16920,295.192,81.918
17280,295.143,82.185
17640,295.108,82.31
18000,Nan,Nan
18360,Nan,Nan
18720,Nan,Nan
19080,Nan,Nan
19440,Nan,Nan
19800,Nan,Nan
20160,Nan,Nan
20520,Nan,Nan
20880,Nan,Nan
21240,Nan,Nan
21600,Nan,Nan
21960,Nan,Nan
22320,Nan,Nan
22680,Nan,Nan
23040,Nan,Nan
23400,Nan,Nan
23760,Nan,Nan
24120,Nan,Nan
24480,Nan,Nan
24840,294.49,82.3
25200,294.485,82.317
25560,294.485,81.872
25920,294.618,80.895
26280,294.847,79.12
26640,295.02,77.093
27000,294.973,76.065
27360,294.96,74.848
27720,295.052,73.8
28080,295.042,73.518
28440,295.148,72.928
28800,Nan,Nan
29160,Nan,Nan
29520,Nan,Nan
29880,Nan,Nan
30240,Nan,Nan
30600,Nan,Nan
30960,Nan,Nan
31320,Nan,Nan
31680,Nan,Nan
32040,Nan,Nan
32400,Nan,Nan
32760,Nan,Nan
33120,Nan,Nan
33480,Nan,Nan
33840,Nan,Nan
34200,Nan,Nan
34560,Nan,Nan
34920,Nan,Nan
35280,Nan,Nan
35640,Nan,Nan
36000,Nan,Nan
36360,Nan,Nan
36720,Nan,Nan
37080,Nan,Nan
37440,Nan,Nan
37800,Nan,Nan
38160,Nan,Nan
38520,Nan,Nan
38880,Nan,Nan
39240,Nan,Nan
39600,Nan,Nan
39960,Nan,Nan
40320,Nan,Nan
40680,Nan,Nan
41040,Nan,Nan
41400,Nan,Nan
41760,Nan,Nan
42120,Nan,Nan
42480,Nan,Nan
42840,223.41,54.96
43200,224.142,54.908
43560,223.458,54.787
43920,223.387,53.543
44280,223.723,52.187
44640,224.165,52.77
45000,225.432,52.672
45360,230.962,53.883
45720,230.697,53.168
46080,232.775,53.338
46440,241.528,53.088
46800,242.597,52.685
47160,243.24,52.358
47520,243.665,52.168
47880,242.967,52.318
48240,247.417,51.818
48600,247.013,51.458
48960,248.353,52.862
49320,230.97,53.46
49680,225.475,53.552
50040,224.52,53.07
50400,224,52.653
50760,224.085,53.718
51120,224.475,53.623
51480,224.202,53.835
51840,223.923,53.297
52200,224.072,52.735
52560,224.767,53.365
52920,224.053,52.452
53280,223.722,53.333
53640,223.332,52.7
54000,Nan,Nan
54360,Nan,Nan
54720,Nan,Nan
55080,Nan,Nan
55440,Nan,Nan
55800,Nan,Nan
56160,Nan,Nan
56520,Nan,Nan
56880,Nan,Nan
57240,223.15,52.3
57600,223.15,52.4
57960,Nan,Nan
58320,Nan,Nan
58680,Nan,Nan
59040,Nan,Nan
59400,Nan,Nan
59760,Nan,Nan
60120,Nan,Nan
60480,Nan,Nan
60840,223.15,53.32
61200,223.167,51.973
61560,223.15,53.052
61920,223.177,53.163
62280,223.207,52.183
62640,223.232,52.807
63000,223.348,52.772
63360,223.303,52.832
63720,223.273,52.618
64080,223.257,53.01
64440,223.232,53.468
64800,223.248,53.288
65160,223.31,54.008
65520,223.708,54.53
65880,224.103,55.038
66240,224.173,55.627
66600,224.592,55.66
66960,224.79,56.192
67320,224.632,56.397
67680,224.59,56.57
68040,251.867,56.34
68400,293.285,56.857
68760,293.242,56.417
69120,293.937,56.557
69480,296.22,56.758
69840,297.138,57.09
70200,297.248,57.195
70560,297.417,57.063
70920,297.415,56.89
71280,297.413,57.162
71640,297.46,56.598
72000,297.382,56.807
72360,297.362,56.998
72720,297.353,57.565
73080,297.21,58.21
73440,297.033,58.687
73800,296.778,58.877
74160,296.907,58.988
74520,296.708,59.29
74880,296.623,59.425
75240,296.553,59.575
75600,296.327,59.772
75960,295.838,60.447
76320,294.99,61.362
76680,293.973,62.115
77040,282.562,62.623
77400,274.817,62.703
77760,274.995,62.865
78120,274.363,62.99
78480,274.478,62.943
78840,276.248,62.928
79200,278.69,62.838
79560,278.138,63.033
79920,278.35,63.098
80280,278.112,63.472
80640,277.797,63.817
81000,277.515,64.205
81360,276.367,64.542
81720,275.862,64.47
82080,275.932,64.27
82440,275.315,64.44
82800,276.097,64.507
83160,277.427,64.563
83520,252.295,64.825
83880,226.055,64.815
84240,225.317,64.612
84600,225.955,64.392
84960,224.728,63.588
85320,224.19,63.773
85680,224.215,63.685
86040,230.842,63.907
0,225.992,63.437
360,226.267,63.715
720,226.963,63.12
1080,246.522,63.243
1440,227.232,63.872
1800,223.918,64.02
2160,224.315,63.633
2520,225.588,63.132
2880,226.923,62.545
3240,227.482,61.787
3600,248.962,62.242
3960,290.653,62.898
4320,293.183,63.478
4680,293.825,63.637
5040,293.773,63.257
5400,293.315,63.27
5760,293.285,62.72
6120,292.777,62.22
6480,292.008,62.313
6840,287.278,62.442
7200,266.555,63.513
7560,239.027,63.838
7920,228.242,64.763
8280,228.568,67.708
8640,283.247,71.05
9000,259.802,71.035
9360,295.272,71.8
9720,295.195,73.123
10080,295.173,73.645
10440,295.142,72.797
10800,295.22,72.042
11160,295.185,72.517
11520,295.227,72.353
11880,295.168,71.88
12240,295.1,72.027
12600,295.057,72.393
12960,295.043,72.555
13320,295.07,72.678
13680,295.132,72.593
14040,295.072,72.312
14400,295.005,72.038
14760,294.942,71.875
15120,294.945,72.278
15480,294.885,72.33
15840,294.822,72.497
16200,294.73,72.872
16560,294.682,73.408
16920,294.69,73.422
17280,294.732,73.62
17640,294.718,73.873
18000,294.553,74.397
18360,294.532,74.897
18720,294.448,75.488
19080,294.432,75.923
19440,294.388,76.257
19800,294.355,76.532
20160,294.362,76.23
20520,294.3,75.38
20880,294.283,74.97
21240,294.345,74.5
21600,294.24,74.76
21960,294.193,73.937
22320,294.183,73.722
22680,294.16,73.542
23040,294.05,72.038
23400,293.925,70.968
23760,293.753,70.898
24120,293.718,71.595
24480,293.683,72.973
24840,293.582,74.748
25200,293.533,73.347
25560,293.542,73.18
25920,293.343,73.382
26280,293.392,73.813
26640,293.388,72.907
27000,293.062,71.73
27360,292.007,71.378
27720,291.13,69.943
28080,288.67,70.185
28440,280.883,69.775
28800,279.158,69.05
29160,281.253,67.987
29520,282.838,68.062
29880,289.653,67.725
30240,292.635,67.698
30600,266.702,67.36
30960,264.018,66.573
31320,274.417,66.057
31680,279.622,65.473
32040,267.192,64.532
32400,241.875,63.905
32760,241.012,64.077
33120,240.47,63.747
33480,238.65,62.102
33840,239.333,62.265
34200,237.488,62.207
34560,257.842,63.13
34920,263.94,62.713
35280,263.312,61.86
35640,263.833,61.087
36000,265.883,60.795
36360,268.09,60.585
36720,271.36,59.968
37080,250.083,60.377
37440,224.52,59.748
37800,255.39,57.462
38160,289.442,56.44
38520,292.283,54.945
38880,295.768,55.658
39240,295.307,56.873
39600,295.682,53.405
39960,295.887,49.025
40320,254.382,47.982
40680,223.84,47.653
41040,223.6,47.092
41400,223.378,46.425
41760,228.09,46.85
42120,233.148,47.58
42480,234.485,47.908
42840,238.942,46.752
43200,235.477,45.657
43560,229.955,46.57
43920,229.53,46.127
44280,229.923,45.357
44640,229.048,45.91
45000,225.805,44.993
45360,224.543,44.21
45720,225.358,45.307
46080,226.57,44.287
46440,225.457,43.857
46800,226.342,43.317
47160,226.695,43.567
47520,226.545,43.422
47880,225.822,43.097
48240,226.432,43.928
48600,227.298,44.123
48960,231.392,43.738
49320,230.053,43.737
49680,228.282,43.752
50040,227.148,43.593
50400,227.922,43.877
50760,255.963,43.51
51120,287.87,44.333
51480,297.598,44.89
51840,297.973,44.522
52200,297.142,43.488
52560,296.86,43.47
52920,295.245,42.768
53280,291.313,43.095
53640,290.357,42.973
54000,289.862,43
54360,290.133,41.93
54720,286.487,42.447
55080,283.685,43.122
55440,282.94,42.767
55800,282.435,42.372
56160,279.775,43.287
56520,281.317,42.142
56880,282.662,41.52
57240,283.333,41.613
57600,285.077,43.058
57960,286.272,43.022
58320,285.222,41.88
58680,252.297,41.84
59040,241.898,41.64
59400,241.35,41.842
59760,241.353,42.483
60120,246.362,42.368
60480,250.418,43.068
60840,251.015,43
61200,251.187,42.965
61560,249.848,42.96
61920,249.783,42.635
62280,250.85,42.933
62640,254.943,42.713
63000,283.445,42.195
63360,299.568,41.447
63720,299.678,40.85
64080,299.823,40.082
64440,299.7,40.272
64800,299.56,40.863
65160,299.39,41.73
65520,299.89,39.4
65880,300.062,38.862
66240,299.418,40.25
66600,299.382,40.203
66960,268.962,40.835
67320,256.658,41.07
67680,256.215,41.14
68040,258.178,40.868
68400,256.433,40.852
68760,246.113,40.172
69120,223.203,40.67
69480,223.16,41.92
69840,223.162,42.383
70200,223.165,42.392
70560,223.16,42.438
70920,223.155,42.425
71280,223.153,42.77
71640,223.15,43.15
72000,223.177,43.58
72360,231.492,44.208
72720,272.263,43.94
73080,289.942,43.823
73440,287.567,44.473
73800,287.297,43.775
74160,286.65,43.202
74520,285.473,43.402
74880,284.672,43.345
75240,272.878,43.423
75600,232.987,43.648
75960,224.658,43.653
76320,232.75,43.43
76680,231.783,43.325
77040,231.868,43.347
77400,226.837,43.702
77760,224.45,43.962
78120,225.317,44.347
78480,224.435,44.49
78840,224.44,44.582
79200,224.668,44.465
79560,224.712,43.892
79920,225.127,43.657
80280,225.675,43.54
80640,226.16,43.885
81000,228.13,44.135
81360,229.543,44.145
81720,231.305,43.73
82080,263.715,43.803
82440,267.63,43.733
82800,269.052,43.69
83160,270.1,43.735
83520,270.998,43.732
83880,267.365,44.04
84240,269.142,44.495
84600,272.158,44.563
84960,272.132,44.612
85320,271.612,44.617
85680,270.865,44.972
86040,269.3,48.27
