#1				
double data(1418,5)				
0	297.985	59.96	299.29	301.45
360	297.985	59.96	299.29	301.36
720	298.145	59.64	299.29	301.3
1080	298.145	59.64	299.28	301.21
1440	298.145	59.8	299.28	301.33
1800	298.145	59.48	299.28	301.43
2160	298.305	59.64	299.27	301.26
2520	297.985	58.85	299.27	301.39
2880	298.145	58.85	299.27	301.37
3240	297.985	58.85	299.27	301.43
3600	298.145	58.7	299.26	301.4
3960	297.985	59.01	299.26	301.46
4320	297.985	58.85	299.26	301.42
4680	273.15	58.85	299.26	301.16
5400	297.985	58.54	299.26	301.27
5760	298.145	58.54	299.26	301.17
6120	297.985	58.54	299.26	301.11
6480	297.985	58.22	299.26	301.17
6840	297.985	58.38	299.26	301.11
7200	297.985	58.38	299.26	301.08
7560	297.985	58.7	299.26	301.09
7920	297.985	58.85	299.26	301.1
8280	273.15	58.85	299.25	273.15
9000	297.66	58.54	299.25	300.96
9360	297.985	54.745	299.25	300.73
10080	297.66	58.85	299.24	300.72
10440	297.985	59.17	299.24	300.52
10800	297.985	57.59	299.24	300.4
11160	297.985	58.54	299.23	300.39
11520	297.985	58.38	299.23	300.26
11880	297.985	58.07	299.22	300.23
12240	297.985	58.38	299.22	300.13
12600	297.82	57.91	299.21	300.1
12960	297.985	58.07	299.21	300.02
13320	298.145	57.91	299.2	300.09
13680	297.985	57.44	299.2	300.09
14040	297.82	57.75	299.2	300.04
14400	297.985	57.59	299.2	300.23
14760	298.145	54.485	299.19	300.29
15120	297.985	57.59	299.19	300.17
15480	297.82	57.91	299.18	299.79
15840	297.985	57.59	299.18	300.04
16200	297.82	57.59	299.17	299.95
16560	297.82	57.44	299.16	299.89
16920	297.82	57.59	299.16	299.84
17280	297.82	57.28	299.15	299.88
17640	297.985	57.12	299.15	299.79
18360	297.985	54.14	299.04	299.21
18720	297.82	57.44	299.13	299.56
19080	297.66	57.59	299.13	299.55
19440	297.66	57.28	299.13	299.62
19800	297.66	57.28	299.12	299.64
20160	298.79	57.12	299.11	299.63
20520	297.985	58.22	299.11	299.63
20880	297.82	57.91	299.1	299.6
21240	297.985	58.07	299.1	299.53
21600	297.66	58.22	299.1	299.43
21960	298.305	57.75	299.09	299.37
22320	297.985	58.22	299.09	299.39
22680	297.985	58.38	299.09	299.44
23040	298.305	58.07	299.09	299.5
23400	297.985	57.91	299.09	299.59
23760	298.145	57.75	299.09	299.67
24120	298.145	58.22	299.09	299.78
24480	298.145	59.17	299.1	299.96
24840	298.145	57.44	299.1	300.15
25200	298.145	56.8	299.11	300.36
25560	298.305	56.8	299.12	300.64
25920	298.305	56.8	299.12	300.89
26280	298.465	56.96	299.13	301.13
26640	298.465	56.65	299.13	302.81
27000	298.63	56.17	299.15	305.08
27360	298.63	56.49	299.17	306.34
27720	298.79	56.96	299.19	307.17
28080	273.15	56.96	299.09	273.15
29160	299.11	50.585	299.28	273.15
29520	298.31	56.96	299.31	307.03
29880	301.21	57.12	299.34	306.34
30240	299.275	55.23	299.37	305.85
30600	299.435	53.81	299.39	305.7
30960	300.24	54.28	299.29	305.89
31680	298.31	53.97	273.15	305.71
32040	300.245	55.07	299.48	306.24
32400	299.6	54.75	299.51	306.42
32760	301.375	55.39	299.53	306.65
33120	299.595	55.39	299.57	306.68
33480	299.76	55.07	299.6	306.67
33840	299.595	55.23	299.64	306.94
36000	299.595	55.39	299.83	307.5
36360	299.6	55.39	299.84	307.56
36720	301.21	55.54	299.82	307.76
37080	273.15	55.54	299.82	307.79
37800	299.595	55.23	299.88	307.77
38160	299.275	55.23	299.91	307.82
38520	299.435	55.54	299.9	307.75
38880	300.08	55.7	299.91	307.9
39240	299.595	55.7	299.94	308.16
39600	298.63	56.8	299.98	308.13
39960	300.24	46.16	300.01	308.12
43200	297.66	63.58	299.41	308.17
43560	298.305	63.74	299.37	307.93
43920	297.335	63.74	299.32	308.29
44280	297.335	63.27	299.29	308.47
44640	297.015	62.95	299.26	308.42
45000	297.34	64.37	299.22	308.24
45360	297.175	65	299.2	308.37
45720	297.175	65.48	299.17	308.57
46080	297.175	64.85	299.14	308.7
46440	297.175	64.53	299.13	308.5
46800	297.5	64.37	299.1	308.47
47160	297.175	64.69	299.07	308.62
47520	297.175	57.78	299.07	308.86
47880	297.015	64.06	299.05	308.92
48240	297.175	65.32	299.03	308.77
48600	297.175	64.69	299.02	308.65
48960	297.175	65.32	299.01	308.86
49320	297.335	65	299	308.91
49680	297.175	65	298.99	308.88
50040	296.37	65.79	298.98	308.79
50760	296.37	61.77	298.75	309.21
51120	297.335	65.48	298.95	309.44
51480	297.335	65.79	298.95	309.39
51840	297.175	65.48	298.94	309.24
52200	297.66	65.95	298.94	309.31
52560	297.335	66.11	298.94	309.23
52920	297.335	65.95	298.93	309.18
53280	297.335	66.58	298.93	309.08
53640	297.335	66.26	298.94	309
54000	297.5	66.42	298.94	308.9
54360	297.665	64.85	298.95	308.94
54720	298.145	62.01	299.01	308.78
55080	298.79	61.38	299.09	308.96
55440	298.63	61.06	299.16	308.78
56160	297.98	59.52	299.3	308.62
56520	298.79	61.22	299.36	308.6
56880	298.955	60.9	299.42	308.73
57240	298.955	60.27	299.48	308.8
57600	299.275	60.12	299.53	308.73
57960	299.435	60.43	299.58	308.54
58320	299.115	60.75	299.64	308.37
58680	299.115	60.9	299.68	308.32
59040	299.115	60.27	299.71	308.51
59400	299.275	61.69	299.72	308.04
59760	299.595	60.75	299.76	308.2
60120	298.31	60.9	299.79	308.17
60480	299.92	62.01	299.81	307.96
60840	299.115	61.53	299.83	307.81
61200	299.435	60.9	299.86	307.64
61560	299.115	62.48	299.86	307.4
62280	295.08	61.85	299.89	307.76
62640	299.275	61.85	299.9	307.46
63360	273.15	61.85	299.92	307.09
63720	299.115	61.69	299.95	307.09
64080	298.31	58.65	273.15	306.88
65880	299.92	62.17	300	306.25
66240	299.115	62.01	300	306.22
66600	299.115	62.48	300	306.18
66960	299.115	62.32	300	306.09
67320	298.79	62.01	300.02	305.91
67680	299.11	62.32	300	305.9
68040	298.79	62.01	300.01	305.27
68400	298.79	62.48	299.99	305.85
68760	298.955	61.85	300	305.72
69120	299.115	61.53	300.03	305.66
69480	298.955	61.38	300.06	305.5
69840	299.275	60.9	300.09	305.35
70200	298.63	61.06	300.11	305.1
70560	299.435	61.22	300.13	305.02
70920	298.79	62.32	300.11	304.88
71280	298.955	61.69	300.12	304.82
71640	299.275	61.69	300.14	304.75
72360	295.08	61.06	300.17	273.15
72720	298.79	61.85	300.14	304.27
73080	298.79	61.38	300.13	304.23
73440	298.955	61.06	300.15	304.2
73800	299.115	60.9	300.16	304.03
74160	298.955	61.06	300.18	303.88
74520	299.115	61.53	300.19	303.84
74880	298.955	61.53	300.16	303.65
75240	298.79	61.38	300.14	303.42
75600	298.79	61.85	300.14	303.19
75960	298.79	55.265	300.11	303.18
76680	299.6	61.53	300.17	302.52
77040	298.79	61.53	300.17	302.93
77400	298.79	61.38	300.18	302.85
77760	298.95	61.06	300.15	302.78
78120	298.95	61.06	300.18	302.74
78480	298.95	61.06	300.18	302.67
78840	298.95	61.53	300.19	302.6
79200	298.95	61.69	300.19	302.49
79560	298.95	61.53	300.19	302.37
79920	298.95	61.69	300.19	302.33
80280	298.95	55.095	300.2	302.39
80640	298.63	61.53	300.2	302.41
81000	298.63	61.69	300.18	302.45
81360	298.63	61.06	300.13	302.41
81720	298.63	61.06	300.11	302.31
82080	298.63	61.38	300.11	273.15
83160	273.15	61.38	273.15	301.75
83520	298.95	61.69	300.13	302.15
83880	298.95	60.9	300.14	302.02
84240	298.95	61.53	300.14	301.95
84600	298.95	61.06	300.14	301.9
84960	298.95	61.06	300.14	301.86
85320	298.95	60.9	300.15	301.84
85680	298.63	61.38	300.13	273.15
87480	299.6	52.06	300.15	301.99
87840	298.95	61.38	300.15	301.87
88200	298.95	61.06	300.15	301.76
88560	298.79	61.53	300.15	301.72
88920	298.95	61.38	300.15	301.63
89280	298.95	61.85	300.15	301.57
89640	299.115	61.22	300.15	301.56
91800	299.115	61.06	300.15	301.96
92160	298.95	61.22	300.15	301.81
92520	299.115	61.22	300.15	301.76
92880	298.95	61.22	300.15	301.7
93240	298.95	60.9	300.15	301.58
93600	298.95	60.9	300.15	301.4
93960	298.955	61.53	300.15	301.32
94320	298.95	60.9	300.15	300.89
94680	298.79	61.22	300.14	301.32
95040	299.115	61.06	300.14	301.41
95400	298.95	60.9	300.14	301.4
95760	298.79	61.53	300.14	301.48
96120	298.95	61.06	300.14	301.37
96480	299.275	61.38	300.13	301.2
96840	298.95	61.22	300.13	301.09
97200	298.79	60.75	300.08	301.02
97560	298.95	60.9	300.13	300.98
97920	298.63	60.9	300.12	300.91
98280	298.63	60.43	300.12	300.84
98640	298.63	60.27	300.11	300.72
99000	298.63	61.06	300.11	300.65
99360	298.63	60.75	300.11	300.56
99720	299.115	60.12	300.1	300.49
100080	298.79	60.59	300.09	300.44
100440	298.63	60.12	300.09	300.37
100800	298.31	60.27	300.09	300.36
101160	298.955	61.06	300.08	300.47
101520	298.63	60.27	300.08	300.43
101880	298.79	60.12	300.07	300.39
102240	298.63	60.27	300.07	300.38
102600	298.63	60.43	300.06	300.43
102960	299.115	60.27	300.06	300.37
103320	298.63	60.59	300.05	300.21
103680	298.63	60.12	300.05	300.11
104040	298.79	60.75	300.04	300
104400	298.63	60.43	300.04	299.92
104760	298.47	60.43	300.03	299.92
105120	298.63	60.43	300.02	300
105480	298.79	60.27	300.02	300.03
105840	298.63	60.27	300.02	300.02
106200	298.63	59.8	300.01	300
106560	298.79	53.62	300.01	299.98
107280	298.63	60.59	273.15	300.12
107640	298.63	61.06	299.98	300.21
108000	298.63	61.06	299.98	300.3
108360	298.31	56.05	299.97	300.35
109080	298.79	60.75	299.96	300.62
109440	298.63	60.59	299.97	300.79
109800	298.79	60.27	299.97	300.93
110160	298.79	60.27	299.97	301.04
110520	299.275	60.43	299.97	301.12
110880	298.955	59.96	299.98	301.24
111240	298.63	60.12	299.98	301.36
111960	294.76	59.8	273.15	301.65
112320	299.76	59.8	300.01	301.84
112680	299.275	60.12	300.02	302.09
113040	299.435	52.235	300.03	302.63
113400	301.695	59.8	300.05	304.64
113760	299.595	59.33	300.07	305.87
114120	299.92	59.17	300.09	306.58
114480	299.76	58.85	300.12	307.2
114840	299.76	58.22	300.15	307.57
115200	299.275	58.22	300.13	307.89
115560	299.92	57.44	300.11	307.93
115920	299.92	57.12	300.14	307.24
116280	295.08	56.8	273.15	273.15
117000	299.595	57.12	300.18	306.93
117360	299.92	56.02	300.19	307.13
117720	299.92	56.33	300.22	307.27
118080	300.08	56.65	300.27	307.58
118440	299.595	56.49	300.28	307.82
119160	301.85	45.12	300.27	308.16
119520	299.76	56.02	300.3	308.02
119880	299.92	56.02	300.28	308.16
120240	300.08	55.7	300.29	308.3
120960	300.56	45.64	300.32	308.28
121320	298.63	56.8	300.33	308.21
121680	300.89	56.33	273.15	307.72
122760	273.15	56.33	300.44	308.58
123120	299.92	58.22	300.43	308.75
123480	299.92	59.48	300.44	308.74
123840	300.08	58.7	300.5	308.71
124200	299.595	58.22	300.49	308.78
124560	299.595	58.7	300.47	308.74
124920	299.435	59.01	300.47	308.75
125280	299.435	59.48	300.47	308.97
125640	299.595	59.8	300.47	309.12
126000	299.435	59.48	300.47	309.24
126360	299.595	59.96	300.47	308.79
126720	299.92	60.12	300.47	309.08
127080	273.15	60.12	273.15	308.84
127800	299.76	59.64	300.5	308.83
128160	298.63	59.8	273.15	308.89
130680	299.76	59.64	273.15	308.84
131040	299.92	59.64	300.66	308.97
131400	298.95	59.8	300.67	309.35
131760	300.565	60.43	300.68	309.51
132120	299.92	59.96	300.7	309.41
132480	300.56	50.67	300.71	309.27
133200	299.755	60.59	300.74	309.3
133560	299.92	59.96	300.74	309.39
134280	298.95	60.43	273.15	309.44
134640	299.755	60.9	300.79	309.52
135000	299.92	60.59	300.8	309.52
135360	299.755	61.06	300.8	309.53
135720	300.08	60.43	300.82	309.6
136080	299.755	61.06	300.83	309.77
136440	300.08	60.59	300.84	309.73
136800	299.755	61.53	300.86	309.78
137160	299.92	60.43	300.86	309.75
137520	300.08	61.06	300.87	309.77
137880	299.755	61.22	300.88	309.69
138240	299.92	60.43	300.89	309.53
138600	300.08	61.22	300.91	309.36
138960	299.92	61.53	300.9	309.36
139320	300.08	60.75	300.91	309.43
139680	299.92	61.53	300.92	309.53
140040	299.915	61.38	300.93	309.72
140400	299.755	62.32	300.93	309.79
140760	298.95	58.65	300.93	309.16
141480	299.755	62.48	300.93	308.88
141840	298.95	62.95	300.9	309.16
142200	300.08	61.85	300.9	309.32
142560	299.755	56.22	300.92	309.51
143280	298.95	61.85	300.91	309.41
143640	299.755	62.64	300.91	309.33
144000	299.755	61.85	300.9	309.3
144360	299.755	55.355	300.91	308.96
145080	298.95	61.69	300.9	309.04
145440	299.92	62.32	300.9	308.95
145800	299.92	55.875	300.89	308.86
146160	299.755	61.38	300.9	308.62
146520	299.755	62.64	300.89	308.58
146880	299.755	62.17	300.9	308.13
147240	299.595	62.48	300.89	308.41
147600	299.755	62.95	300.87	308.27
147960	299.595	62.01	300.88	308.28
148320	299.595	62.32	300.87	308.18
148680	299.755	62.48	300.86	308.02
149040	299.435	62.17	300.86	307.77
149400	299.595	62.48	300.84	307.45
149760	299.755	62.64	300.84	307.51
150120	299.435	62.17	300.84	307.19
150480	299.755	62.8	300.82	307.24
150840	299.595	62.32	300.83	307.21
151200	299.275	62.32	300.82	307.1
151560	299.755	63.11	300.8	306.96
151920	298.95	62.17	300.8	306.95
152280	299.435	62.17	300.8	306.69
152640	299.275	62.8	300.77	306.71
153000	299.595	62.48	300.77	307
153360	299.435	61.85	300.72	306.94
153720	299.275	62.95	300.74	306.78
154080	299.435	62.17	300.74	306.68
154440	299.275	61.85	300.73	306.38
154800	298.955	62.32	300.71	306.23
155160	299.275	61.85	300.7	306.1
155520	299.275	60.75	300.71	306.09
155880	299.275	61.69	300.68	306.06
156240	299.595	62.17	300.66	306
156600	300.89	61.06	300.67	305.83
156960	299.115	61.38	300.65	305.58
157320	299.275	61.53	300.64	305.48
157680	299.115	60.75	300.64	305.23
158040	299.115	62.01	300.61	304.96
158400	299.595	61.38	300.62	304.75
158760	298.955	60.9	300.62	304.59
159120	298.955	62.17	300.59	304.4
159480	273.15	62.17	300.53	303.86
162000	298.465	61.85	300.5	303.26
162360	294.76	62.17	300.42	303.21
163080	298.31	60.9	273.15	303.02
163440	298.955	61.06	300.5	302.98
163800	298.63	61.06	300.47	302.91
164160	298.95	60.75	300.46	302.92
164520	298.79	60.9	300.47	302.95
164880	298.63	61.22	300.46	302.97
165240	298.63	61.22	300.43	302.92
165600	301.05	61.06	300.43	303.02
165960	298.79	61.38	300.44	303.12
166320	298.63	61.06	300.4	303.33
166680	298.79	60.59	300.4	303.35
167040	298.465	60.75	300.41	303.22
167400	298.955	60.75	300.38	303.08
167760	298.79	60.59	300.36	302.94
168120	298.79	60.12	300.38	302.87
168480	273.15	60.12	300.38	302.52
169200	298.63	60.27	300.34	302.45
169560	299.115	60.12	300.35	302.29
169920	298.95	59.96	300.37	302.17
170280	273.15	59.96	300.38	273.15
172080	298.79	60.12	300.27	301.92
172440	298.63	59.96	300.35	301.99
173160	298.31	59.8	273.15	273.15
173520	298.63	59.8	300.28	302.03
173880	298.955	59.48	300.29	302
174240	298.95	59.33	300.3	301.92
174600	298.95	59.48	300.32	301.85
174960	298.95	59.48	300.33	301.74
175320	298.95	59.17	300.34	301.58
175680	298.95	59.01	300.34	301.47
176040	299.275	59.48	300.34	301.51
176400	298.465	59.01	300.32	301.49
176760	298.79	58.7	300.26	301.48
177120	298.79	58.54	300.25	301.35
177480	298.63	58.54	300.26	301.28
177840	298.79	58.85	300.27	301.27
178200	298.79	58.85	300.28	301.25
178560	298.79	52.315	300.28	301.11
178920	298.95	59.01	300.29	301.04
179280	298.95	58.7	300.29	301.13
179640	299.115	58.85	300.3	301.32
180000	299.275	58.7	300.3	301.24
180360	299.115	58.7	300.31	301.04
180720	299.435	59.01	300.31	300.86
181080	298.95	58.85	300.31	300.72
181440	299.115	58.7	300.31	300.74
181800	298.95	59.17	300.31	300.7
182160	298.79	59.01	300.31	300.63
182520	298.63	59.01	300.31	300.5
182880	298.95	58.85	300.31	300.49
183240	298.95	59.01	300.3	300.51
183600	298.95	58.85	300.3	300.7
183960	298.95	59.01	300.3	300.58
184320	299.275	59.01	300.3	300.51
184680	298.79	58.85	300.3	300.51
185040	298.95	58.85	300.29	300.47
186480	298.79	51.975	300.28	300.09
186840	298.95	58.7	300.28	300.02
187200	298.79	58.85	300.28	299.95
187560	298.95	58.85	300.27	299.91
187920	298.79	58.7	300.27	299.9
188280	298.95	58.38	300.26	299.84
188640	298.79	58.7	300.25	299.78
189000	298.79	58.7	300.25	299.7
189360	299.275	58.7	300.24	299.65
189720	299.92	58.7	300.23	299.59
190080	298.79	58.54	300.23	299.55
190440	298.95	59.01	300.22	299.55
190800	298.79	58.7	300.21	299.5
191160	298.63	58.85	300.21	299.47
191520	298.79	58.85	300.2	299.57
191880	298.79	58.38	300.19	299.51
192240	298.79	58.85	300.18	299.57
192600	299.115	58.7	300.18	299.53
192960	298.63	58.85	300.17	299.55
193320	298.63	58.7	300.16	299.52
193680	298.63	58.7	300.15	299.55
194040	299.115	58.7	300.15	299.49
194400	298.79	58.85	300.15	299.51
194760	300.89	58.7	300.14	299.54
195120	299.115	58.22	300.13	299.55
195480	299.115	58.07	300.08	299.58
195840	299.115	58.07	300.13	299.69
196200	298.955	58.38	300.12	299.78
196560	299.115	58.7	300.12	299.63
197280	299.6	57.91	300.06	300.12
197640	299.115	57.91	300.12	300.22
198000	299.275	58.07	300.11	300.34
198360	299.275	58.22	300.12	300.26
199080	300.24	58.07	300.07	300.88
199440	299.275	57.91	300.13	300.94
199800	299.435	57.59	300.14	303.05
200160	299.755	57.59	300.15	305
200520	299.755	56.96	300.16	305.99
200880	299.755	56.8	300.18	306.61
201240	299.755	56.8	300.21	306.96
201600	299.755	57.12	300.23	306.81
201960	299.595	56.8	300.26	306.88
202320	299.435	56.17	300.23	306.19
202680	299.595	55.86	300.21	305.44
203040	298.95	56.96	300.22	304.9
203760	293.15	59.64	299.94	273.15
204120	298.145	60.12	300.03	305.05
204480	298.145	49.46	299.93	304.68
205200	297.985	56.65	299.78	305.82
205560	298.31	57.44	299.72	306.19
205920	297.5	57.91	299.66	306.4
206280	297.5	57.59	299.61	306.49
206640	298.145	58.22	299.56	306.48
207000	297.66	58.54	299.52	306.69
207360	297.5	58.54	299.48	306.73
207720	297.5	58.7	299.45	306.7
208080	296.69	54.31	273.15	306.52
208800	297.5	58.85	299.36	306.76
209160	297.5	59.48	299.33	306.71
209520	297.66	59.17	299.32	306.66
209880	297.5	59.01	299.29	306.73
210240	297.5	59.01	299.27	306.88
210600	297.5	59.96	299.26	306.83
210960	296.69	55.7	299.24	306.96
211680	298.31	50.32	299.22	306.9
212040	297.5	61.06	299.21	307.08
212400	297.5	60.9	299.2	307.32
212760	297.5	60.43	299.2	307.2
213120	296.69	61.22	299.2	307.49
213480	299.755	61.85	299.2	307.75
213840	297.5	61.85	299.2	307.59
214200	297.98	62.17	299.2	307.65
214560	297.5	62.32	299.2	307.5
214920	297.5	62.95	299.2	307.56
215280	297.665	63.58	299.2	307.6
215640	297.5	63.43	299.2	307.88
216000	297.5	64.06	299.21	307.85
216360	297.825	64.21	299.21	307.87
216720	297.665	63.9	299.22	307.71
217080	297.665	64.37	299.22	307.54
217440	297.825	64.69	299.23	307.66
217800	297.665	64.53	299.24	307.71
218160	297.825	64.85	299.24	307.68
218520	297.825	64.85	299.25	307.92
218880	298.145	64.53	299.26	308.09
219240	297.665	65.16	299.25	308.21
219600	298.145	65.95	299.24	308.37
219960	298.145	65.95	299.24	308.25
220320	297.825	66.26	299.23	308.18
220680	297.985	66.58	299.23	308.32
221040	297.665	66.58	299.22	308.43
221400	297.665	66.9	299.22	308.18
221760	297.02	67.05	298.98	273.15
222480	298.31	67.21	299.22	307.86
222840	297.665	67.05	299.21	308.07
223200	297.665	67.37	299.21	308.1
223560	297.02	67.84	298.97	273.15
224280	293.47	67.68	299.22	308.24
224640	297.665	67.68	299.21	308.11
225000	297.825	67.37	299.21	308.32
225360	297.665	67.53	299.21	308.43
225720	297.985	67.53	299.22	308.4
226080	297.825	67.37	299.23	308.36
226440	297.665	67.37	299.23	308.28
226800	297.825	67.21	299.23	308.26
227160	297.825	67.37	299.24	308.26
227520	297.825	67.53	299.24	308.22
227880	297.985	67.21	299.24	308.26
228240	297.665	67.37	299.01	308.16
228600	298.145	67.21	299.24	308.23
228960	297.985	66.9	299.24	308.29
229320	297.985	66.9	299.24	308.16
229680	297.985	66.11	299.24	308.38
230040	298.145	65.79	299.25	308.16
230400	297.985	65.48	299.26	308.22
230760	299.435	65.95	299.27	308.16
231120	298.625	65.79	299.29	308.03
231480	298.145	66.11	299.3	308.16
231840	298.465	64.53	299.32	308.17
232200	298.465	63.9	299.32	308.01
232560	298.95	63.9	299.32	308.07
232920	299.755	63.27	299.35	308.18
233280	298.79	62.8	299.4	308.15
233640	297.98	62.48	299.45	307.94
234000	298.625	62.32	299.51	307.98
234360	298.95	55.965	299.55	308.12
235800	298.79	62.01	299.7	307.89
236160	298.79	61.53	299.73	307.45
236520	298.79	61.38	299.76	307.11
236880	298.79	61.53	299.79	307.11
237240	298.79	63.58	299.82	307.19
237600	298.79	63.74	299.78	306.79
237960	298.465	63.58	299.75	306.66
238320	299.275	62.95	299.71	306.57
238680	298.145	62.8	299.68	306.56
239040	298.305	62.95	299.64	306.56
239400	298.47	62.95	299.62	306.39
239760	299.435	62.8	299.58	306.33
240120	298.305	62.48	299.54	306.13
240480	298.305	62.48	299.51	305.85
240840	297.665	62.32	299.48	305.62
241560	298.31	62.32	273.15	273.15
241920	297.665	62.17	299.39	305.52
242280	273.15	62.17	299.28	273.15
243000	297.665	62.01	299.3	304.93
243360	297.5	61.69	299.26	304.84
243720	296.69	61.38	299.24	304.79
244080	297.5	52.835	299.2	304.6
244440	297.5	61.38	299.17	304.39
246600	297.015	61.38	298.95	303.62
246960	297.015	61.06	298.91	303.41
247320	296.855	61.06	298.88	303.28
247680	296.695	60.75	298.83	303.14
248040	296.695	60.59	298.8	302.92
248400	297.175	59.48	298.76	302.8
248760	296.535	59.17	298.75	302.67
249120	296.535	58.7	298.73	302.54
249480	293.79	59.33	273.15	273.15
250200	296.37	59.33	298.66	302.21
250560	296.37	59.33	298.64	302.29
250920	296.05	59.33	298.61	302.24
251280	296.37	59.17	298.58	302.17
251640	296.535	59.64	298.56	301.71
252000	296.21	59.64	298.53	302.15
252360	295.73	59.33	298.39	302.19
253080	296.21	52.665	298.48	301.99
253440	296.21	59.64	298.47	302.14
253800	296.21	59.64	298.45	302.05
254160	295.73	60.43	298.44	301.94
254520	296.05	59.64	298.43	301.81
254880	296.05	60.12	298.41	301.69
255240	297.18	59.64	298.39	301.68
255600	297.825	59.48	298.38	301.57
255960	296.05	59.8	298.35	301.54
256320	296.05	60.12	298.33	301.48
256680	296.21	59.8	298.32	301.39
257040	296.535	59.8	298.29	301.32
257400	296.05	60.12	298.27	301.3
257760	296.05	59.8	298.26	301.3
258120	295.89	59.64	298.24	301.29
258480	296.045	59.64	298.22	301.26
258840	295.725	59.64	298.2	301.46
259200	295.89	59.96	298.19	301.54
259560	296.05	60.12	273.15	301.41
262800	295.725	59.64	298.07	301.03
263160	295.885	59.64	298.05	300.93
263520	296.045	59.96	298.03	300.86
263880	295.885	59.64	298.02	300.91
264240	295.4	59.64	298.01	300.86
264600	295.725	59.8	297.98	300.94
264960	295.565	59.8	297.97	301.04
265320	295.725	60.12	297.96	300.96
265680	295.725	59.96	297.94	300.96
266040	295.725	60.12	297.92	300.94
266760	293.15	59.96	273.15	273.15
267120	295.565	59.64	297.9	300.85
267480	295.565	59.64	297.88	300.86
267840	295.565	59.8	297.87	300.68
268200	295.885	59.48	297.85	300.53
268560	295.565	59.8	297.84	300.49
268920	295.565	59.96	297.82	300.6
269280	273.15	59.96	297.79	273.15
270000	295.405	59.64	297.76	300.53
270360	295.565	59.33	297.74	300.33
270720	295.405	59.33	297.72	300.19
271080	295.405	59.64	297.7	300.12
271440	295.24	59.48	297.67	300.08
271800	295.24	59.64	297.66	300.02
272160	295.24	59.64	297.64	299.85
272520	295.24	59.48	297.61	299.8
272880	295.08	59.33	297.59	300.03
273240	295.24	59.33	297.57	300.18
273600	295.24	59.64	297.56	300.15
273960	295.405	59.48	297.54	300.05
274320	295.4	58.85	297.54	299.91
274680	295.565	58.7	297.54	299.71
275040	295.405	59.17	297.54	299.53
275400	295.24	59.17	297.51	299.39
275760	295.725	58.54	297.49	299.3
276120	295.885	59.17	297.49	299.22
276480	295.405	58.7	297.47	299.13
276840	295.24	51.54	297.44	299.04
278280	295.08	51.28	297.35	298.5
278640	295.405	59.8	297.35	298.76
280800	294.92	57.75	297.25	298.49
281160	295.24	58.38	297.23	298.43
281520	295.08	57.91	297.24	298.41
281880	295.08	58.07	297.22	298.41
282240	294.92	57.59	297.18	298.44
282600	295.24	57.75	297.16	298.45
282960	295.245	57.44	297.17	298.51
283320	295.405	59.01	297.18	298.59
283680	292.5	57.44	273.15	298.68
284400	295.405	57.59	297.2	298.97
284760	295.08	57.91	297.18	299.05
285120	295.405	58.85	297.19	299.06
285480	295.565	57.44	297.18	299.32
285840	295.565	59.48	297.21	299.86
286200	295.885	57.28	297.22	301.24
286560	296.045	58.22	297.26	302.05
286920	295.885	57.44	297.26	303.06
287280	297.02	59.17	273.15	273.15
288000	296.37	59.48	297.34	303.7
288360	295.725	57.12	297.35	303.11
288720	296.37	59.17	297.37	302.63
289080	296.05	56.65	297.39	302.42
289440	295.885	57.12	297.39	302.3
290160	295.08	52.41	297.45	273.15
290520	296.69	57.75	297.47	303.02
290880	296.37	57.28	297.5	303.67
291240	296.53	58.22	297.53	303.93
291600	296.53	57.75	297.59	304.34
291960	292.5	58.22	297.32	304.25
292680	296.53	58.54	297.66	303.9
293040	296.53	58.38	297.71	304.28
293400	297.02	59.64	297.73	305.15
293760	296.37	59.48	297.47	305.16
294120	296.37	59.01	297.76	304.93
294480	273.15	59.01	297.78	304.69
295200	296.37	59.01	297.82	305.62
295560	296.695	59.48	297.84	305.78
295920	296.53	59.33	297.87	306.24
296280	296.69	59.8	297.9	306.01
296640	296.855	59.33	297.93	306.17
297360	295.73	56.57	273.15	306.16
297720	297.02	59.64	298.04	306.61
298080	299.115	59.8	298.08	306.75
298440	296.855	60.27	298.12	305.46
298800	296.695	61.06	298.15	305.26
299160	297.18	61.38	298.19	305.62
299520	296.855	61.69	298.22	305.81
299880	297.015	62.01	298.27	305.89
300240	297.34	62.01	298.3	306.29
300600	297.175	62.01	298.34	306.34
300960	297.175	61.69	298.38	305.96
301320	298.63	61.85	298.42	306.27
301680	297.175	61.85	298.45	306.39
302040	297.175	61.85	298.49	306.46
302400	297.66	62.8	298.52	306.25
302760	273.15	62.8	298.54	306.29
303480	297.175	63.43	298.29	306.45
303840	297.015	63.58	298.6	306.39
304200	297.015	63.74	298.61	306.47
304560	297.015	63.58	298.62	306.5
304920	296.37	63.74	298.63	306.65
305280	297.015	64.06	298.63	306.61
305640	297.015	64.06	298.63	306.79
306000	297.34	64.53	298.63	306.98
306360	297.175	64.21	298.63	306.84
306720	297.175	63.9	298.63	306.57
307080	297.015	65	298.63	306.69
307440	297.5	65.16	298.63	306.89
307800	297.34	66.74	298.62	306.77
308160	297.34	67.21	298.61	306.84
308520	297.175	67.21	298.6	307.03
308880	297.015	67.37	298.59	307.11
309240	297.175	67.68	298.59	306.94
309600	297.015	58.735	298.59	306.8
309960	297.175	67.84	298.59	306.52
310320	297.175	67.84	298.61	306.92
310680	293.79	65.79	273.15	306.75
311400	297.665	64.85	298.68	307.15
311760	298.95	65.16	298.71	307
312480	297.825	58.04	298.78	307.19
312840	297.825	64.37	298.81	307.39
313200	298.145	64.69	298.84	307.24
313560	297.985	64.85	298.87	307.46
313920	298.145	65	298.9	307.34
314280	298.145	65	298.94	307.34
314640	298.145	65.32	298.97	307.55
315000	298.305	65.32	299.01	307.58
315360	297.34	65.48	299.03	307.38
315720	298.145	65.63	299.06	307.5
316080	298.145	65.48	299.08	307.35
316440	299.755	65.16	299.11	307.27
316800	298.465	65.16	299.13	307.32
317160	298.305	65.16	299.14	307.34
317520	298.305	65.16	299.16	307.3
317880	298.305	65.63	299.19	307.11
318240	298.305	65.79	299.2	307.09
318600	298.465	65.79	299.22	307.11
318960	299.27	65.95	299.08	307.07
319680	298.465	58.3	299.27	307.12
320040	298.305	65.32	299.28	307.01
320400	299.27	66.26	299.28	306.93
320760	299.92	67.05	299.28	306.87
321120	298.145	67.53	299.27	306.63
321480	298.31	67.84	299.26	306.54
321840	297.985	67.68	299.26	306.5
322200	297.665	67.05	299.25	306.39
322560	297.02	67.21	299.06	273.15
322560	273.15	67.21	299.7	305.64
322920	299.275	62.64	299.62	305.56
323280	299.435	63.43	299.76	305.42
323640	299.275	63.27	299.81	304.93
324000	299.435	63.27	299.87	304.74
324360	299.435	63.27	299.92	304.67
324720	299.435	63.27	299.96	304.77
325080	299.275	62.95	299.99	304.77
325440	299.435	62.95	300.02	304.62
326160	273.15	62.95	273.15	304.15
326520	299.275	62.8	300.08	303.93
326880	299.115	62.64	300.09	303.59
327240	299.275	62.64	300.1	303.78
327960	295.08	62.64	273.15	273.15
328320	299.115	62.48	300.14	303.27
328680	299.115	62.32	300.14	303.07
329040	299.115	62.64	300.15	302.85
329400	299.115	62.48	300.15	302.66
329760	299.115	62.64	300.15	302.53
330120	299.115	62.8	300.15	302.35
330480	298.63	58.65	300.15	302.18
331200	299.115	62.8	300.15	301.78
331560	299.275	62.8	300.15	301.59
331920	298.63	62.8	300.15	301.45
332280	298.79	62.64	300.14	301.36
332640	298.95	62.8	300.14	301.31
333000	298.95	62.95	300.13	301.28
333360	298.95	62.95	300.13	301.28
333720	298.95	62.95	300.12	301.34
334080	298.95	62.8	300.11	301.43
334440	298.63	63.27	300.11	301.46
334800	298.79	62.8	300.1	301.5
335160	298.955	62.8	300.1	301.66
335520	298.95	62.8	300.09	301.72
335880	298.63	62.48	300.09	301.83
336240	298.95	62.64	300.09	302.01
337680	300.24	62.32	300.07	301.74
338040	298.63	62.32	300.07	301.63
338400	298.79	62.48	300.07	301.6
338760	298.79	55.01	300.07	301.46
339120	298.63	62.17	300.06	301.32
339480	298.955	62.48	300.06	301.16
339840	298.63	62.17	300.06	300.94
340200	298.79	62.01	300.05	300.73
340560	298.31	62.32	300.05	300.53
341280	298.95	52.06	300.04	300.29
341640	298.79	62.32	300.03	300.2
342000	298.63	62.17	300.03	300.16
342360	298.31	62.32	300.02	300.32
342720	298.63	62.48	300.02	300.43
343080	298.63	61.53	300.01	300.31
343440	298.63	61.53	300	300.02
343800	298.63	61.85	300	299.82
344160	298.47	61.38	299.99	299.64
344520	298.47	61.85	299.98	299.52
344880	298.63	61.53	299.96	299.51
345240	298.955	61.69	299.96	299.48
345600	298.47	61.38	299.95	299.42
345960	298.47	61.53	299.93	299.4
346320	298.63	61.38	299.91	299.48
346680	298.63	61.85	299.9	299.52
347040	298.47	61.69	299.89	299.55
347400	298.47	61.69	299.88	299.53
347760	298.47	61.53	299.87	299.53
348120	298.47	61.38	299.85	299.55
348480	298.31	61.53	299.83	299.54
348840	298.63	61.53	299.83	299.54
349200	298.47	61.38	299.81	299.48
349560	298.47	61.69	299.8	299.47
349920	298.47	61.38	299.78	299.55
350280	298.79	61.53	299.77	299.62
350640	298.79	61.53	299.76	299.13
351000	298.31	61.38	299.74	297.48
351360	298.31	61.22	299.72	297.12
351720	298.145	61.38	299.71	296.84
352080	297.98	56.05	273.15	273.15
353160	273.15	56.05	299.63	273.15
353520	297.66	62.01	299.6	294.23
353880	297.66	62.48	299.56	294.02
354240	297.66	62.8	299.5	293.89
354600	297.66	62.8	299.45	294.02
354960	297.5	63.27	299.4	294.05
355320	297.5	63.27	299.35	294
355680	297.34	63.27	299.29	294.09
356040	297.5	63.11	299.23	294.19
356400	297.5	63.43	299.19	294.25
356760	297.5	63.58	299.14	294.45
357120	297.5	63.43	299.09	294.65
357480	297.5	63.58	299.05	294.86
357840	297.66	63.74	299	295.03
358200	297.5	63.58	298.96	295.05
358560	297.34	63.9	298.93	294.82
358920	297.34	63.74	298.89	294.8
359280	297.5	63.58	298.86	294.78
359640	297.5	63.58	298.82	294.76
360000	297.34	63.74	298.78	294.77
360360	297.5	63.58	298.75	294.76
360720	297.34	63.74	298.72	294.87
361080	273.15	63.74	298.6	294.91
363960	294.11	63.74	273.15	273.15
364320	297.34	64.06	298.48	295.17
364680	297.34	63.9	298.46	295.19
365040	297.5	63.9	298.45	295.28
365760	294.11	63.58	273.15	273.15
366120	297.5	63.58	298.4	295.63
366480	297.5	63.74	298.39	295.73
366840	297.82	63.43	298.37	295.8
367200	297.66	63.43	298.37	295.86
367560	297.5	63.58	298.37	295.87
367920	297.5	63.58	298.37	295.84
368280	297.82	63.58	298.37	295.84
368640	297.985	63.43	298.37	295.88
369360	293.47	63.43	273.15	273.15
369720	297.66	63.43	298.39	295.98
370080	297.66	63.58	298.39	296.07
370440	297.82	63.74	298.4	296.19
370800	297.66	63.58	298.4	296.3
371160	297.66	58.48	298.41	296.03
371880	297.985	55.875	298.35	296.86
372240	298.465	63.43	298.44	297.87
372600	298.625	63.27	298.46	299.03
372960	297.98	63.11	298.49	299.75
373680	297.98	57.61	298.54	299.52
374040	299.595	63.11	298.57	299.9
374400	298.955	62.8	298.6	300.57
374760	299.115	62.48	298.64	273.15
375480	298.31	57.26	298.7	301.09
375840	298.955	62.8	298.74	301.16
376200	299.435	62.32	298.77	301.56
376560	299.115	62.01	298.81	301.5
376920	299.115	62.01	298.84	301.43
377280	294.76	62.17	273.15	273.15
378000	299.275	62.01	298.96	302.26
378360	299.275	61.69	299	302.25
378720	299.275	61.53	299.04	302.19
379080	299.435	61.53	299.07	301.92
379440	299.435	61.69	299.11	302.22
379800	299.435	61.38	299.15	302.18
380160	298.63	61.38	299.19	302.1
381600	299.595	60.9	299.33	302.93
381960	298.63	60.59	273.15	302.78
382680	299.595	60.9	299.44	302.35
383040	298.63	60.43	299.47	303.21
383400	299.76	60.27	299.5	304.31
383760	299.76	59.96	299.55	304.83
384120	299.76	59.8	299.58	304.64
384480	299.92	59.8	299.61	304.81
384840	300.08	59.8	299.65	304.57
385200	299.92	59.64	299.68	305.27
385560	300.24	59.96	299.72	305.52
385920	299.92	59.96	299.75	305.01
386280	299.92	60.27	299.78	304.82
386640	300.08	59.64	299.82	305.21
387000	300.24	59.48	299.86	306.55
387360	300.08	59.64	299.9	306.65
387720	300.24	59.17	299.92	306.37
388080	299.92	59.17	299.96	305.85
388440	300.08	59.33	300	306.2
388800	300.08	59.01	300.03	306.95
389160	300.08	58.85	299.94	306.88
390960	301.53	47.03	273.15	273.15
391320	300.24	59.01	300.2	306.13
391680	300.24	58.7	300.24	306.87
392040	300.24	58.54	300.26	306.98
392400	300.08	58.54	300.29	306.78
392760	300.08	58.38	300.31	306.25
393120	299.27	58.22	300.33	306.11
393480	300.24	57.91	300.35	306.12
393840	300.4	57.91	300.37	305.85
394200	300.24	58.07	300.39	306.49
394560	300.24	57.91	300.42	307.17
394920	300.56	57.59	300.44	307.59
395280	300.4	58.07	300.47	307.55
395640	300.4	58.07	300.49	307.42
397080	300.56	57.91	273.15	307.21
397440	300.4	57.91	300.58	307.67
397800	300.56	58.07	300.61	307.88
398160	300.725	57.59	300.62	307.75
398520	300.565	57.59	300.65	307.91
398880	273.15	57.59	300.54	273.15
399600	300.725	57.44	300.71	307.81
399960	300.4	49.115	300.72	307.25
400680	300.565	57.75	300.75	307.17
401040	300.405	57.91	300.76	306.83
401400	301.05	57.91	300.77	306.8
401760	300.565	57.91	300.79	306.81
402120	300.405	58.22	300.79	306.37
402480	300.24	58.38	300.81	306.24
402840	300.4	58.7	300.81	306.91
403200	300.565	58.7	300.83	307.07
403560	299.6	58.38	300.83	306.77
403920	300.24	58.38	300.84	306.69
404280	300.405	49.37	300.85	306.95
404640	300.565	58.7	300.87	306.85
405000	301.375	58.54	300.87	306.52
405360	300.24	58.7	300.88	306.15
405720	300.24	58.7	300.88	305.59
406080	300.405	58.7	300.88	305.97
406440	300.08	58.54	300.88	305.75
406800	300.08	58.7	300.88	305.42
407160	300.08	59.01	300.87	305.23
407520	299.915	58.38	300.87	304.91
407880	299.915	58.07	300.87	304.74
408240	300.08	58.38	300.86	304.58
408600	300.08	58.54	300.86	304.43
408960	299.915	58.7	300.85	304.42
409320	300.08	58.54	300.84	304.14
409680	299.755	58.85	300.82	303.67
410040	299.915	59.01	300.81	303.36
410400	302.015	59.17	300.79	303.29
410760	299.755	59.17	300.79	303.19
411120	299.915	59.17	300.77	303.12
411480	299.755	59.33	300.76	303.15
411840	299.595	59.33	300.75	303.3
412200	299.755	59.17	300.74	303.36
412560	299.595	59.33	300.72	303.45
412920	299.755	59.48	300.71	303.41
413280	299.755	59.33	300.7	303.33
413640	298.95	59.17	300.68	303.15
414000	299.595	59.33	300.67	302.96
414360	299.92	59.48	300.66	302.67
414720	299.435	59.17	300.64	302.43
415080	300.24	59.17	273.15	273.15
415800	299.435	59.01	300.54	301.92
416160	299.6	59.17	300.59	301.7
416880	298.63	58.85	300.49	301.32
417240	299.115	58.85	300.53	301.26
417600	299.275	58.7	300.51	301.06
417960	299.92	58.85	300.49	300.89
418680	299.115	58.85	300.41	300.77
419040	299.275	59.17	300.42	300.66
419400	298.79	59.17	300.4	300.56
419760	298.95	59.17	300.38	300.52
420120	299.115	59.17	300.36	300.52
420480	273.15	59.17	300.34	300.11
421560	298.79	50.845	273.15	273.15
421920	299.275	59.33	300.28	300.48
422280	298.79	59.33	300.27	300.47
422640	298.79	59.48	300.25	300.44
423000	298.63	59.33	300.23	300.36
423360	298.63	59.48	300.22	300.31
423720	298.63	59.33	300.21	300.22
424080	298.63	59.17	300.2	300.21
424440	298.79	59.33	300.18	300.13
424800	298.79	59.17	300.16	300.12
425160	298.63	59.17	300.15	300.15
425520	298.63	59.48	300.14	300.17
425880	298.63	59.33	300.12	300.25
426240	298.63	59.33	300.11	300.44
426600	298.63	59.17	300.1	300.46
426960	298.63	59.17	300.09	300.39
427320	298.63	59.33	300.08	300.32
427680	298.63	59.17	300.07	300.16
428040	298.79	59.17	300.05	300
428760	298.31	59.01	273.15	299.79
429120	298.63	59.01	300.02	299.75
429480	298.79	59.01	300.01	299.83
429840	298.63	59.33	299.99	299.86
430200	298.63	58.7	299.98	299.89
430560	298.47	58.54	299.96	299.79
430920	298.47	58.54	299.95	299.79
431280	300.73	58.54	299.92	299.6
431640	298.47	58.85	299.89	299.56
433080	298.63	57.91	299.79	298.96
433440	298.79	57.75	299.77	299.22
433800	298.47	57.91	299.74	299.13
434160	298.31	57.75	299.71	299.05
434520	298.79	57.12	299.69	298.97
434880	298.63	47.03	273.15	298.92
435600	298.145	57.59	299.63	298.78
435960	298.47	57.28	299.6	298.73
436320	298.305	57.12	299.58	298.75
436680	298.305	57.28	299.57	298.56
437040	298.145	49.285	299.55	298.45
437400	298.145	56.96	299.53	298.46
437760	298.63	56.8	299.51	298.43
439560	297.98	51.19	299.38	297.58
439920	298.145	56.8	299.42	297.93
440280	297.98	56.96	299.4	297.84
440640	298.145	56.8	299.39	297.78
441000	298.145	56.96	299.37	297.64
441360	294.76	57.12	299.35	297.44
442080	298.305	48.675	299.32	297.28
442440	297.98	57.12	299.31	297.44
442800	297.98	56.96	299.28	297.45
443160	297.98	56.96	299.26	297.41
443520	297.98	56.96	299.25	297.3
443880	297.98	56.96	299.23	297.16
444240	297.98	56.65	299.21	297.08
444600	297.98	56.8	299.19	297.14
444960	297.98	56.8	299.17	297.2
445320	297.98	56.65	299.14	297.14
445680	297.82	56.96	299.13	297.11
446040	297.82	56.33	299.1	297.06
446400	297.82	56.8	299.08	296.96
446760	297.66	56.65	299.03	296.96
448560	273.15	56.65	298.95	296.4
448920	297.66	56.49	298.95	296.68
449280	297.66	56.65	298.92	296.66
449640	297.66	56.17	298.9	296.67
450000	297.82	56.8	298.88	296.55
450360	297.66	56.65	298.87	296.38
450720	297.82	56.65	298.85	296.5
451080	297.66	49.8	273.15	296.04
452880	298.31	56.33	298.77	296.98
453240	297.82	56.33	298.77	297.13
453600	297.985	56.65	298.77	297.32
453960	297.985	56.65	298.77	297.49
454320	297.98	56.33	298.78	297.61
454680	298.625	56.17	298.79	297.71
455040	298.305	56.02	298.81	297.9
455400	298.465	56.33	298.83	299.57
455760	298.625	56.17	298.85	300.86
456120	298.625	56.33	298.88	301.7
456480	298.79	56.02	298.91	301.86
456840	298.79	56.65	298.93	302.3
457200	298.95	56.8	298.96	302.21
457560	298.95	56.65	298.99	302.22
457920	298.95	56.65	299.03	300.99
458280	299.115	56.8	299.06	300.6
458640	299.27	56.96	299.1	300.49
459000	299.275	56.96	299.13	300.99
459360	299.275	46.77	299.16	301.06
460080	300.24	56.65	299.23	273.15
460440	299.6	56.8	299.26	301.19
460800	299.275	56.8	299.28	301.64
461160	299.435	56.96	299.32	301.56
461520	299.275	56.49	299.35	301.59
461880	299.435	56.49	299.38	301.48
462240	299.275	56.65	299.4	301.63
462600	299.435	56.17	299.44	301.68
462960	299.435	56.33	299.46	301.72
463320	299.76	56.33	299.49	301.81
463680	298.63	50.32	299.51	302.12
464760	295.08	55.54	299.6	273.15
465120	301.05	55.39	299.63	302.3
465480	300.24	55.54	299.66	302.51
465840	299.76	55.7	299.69	302.73
466200	299.76	55.54	299.71	302.36
466560	299.76	55.7	299.74	302.14
466920	299.92	56.17	299.76	302.06
467280	299.76	55.86	299.78	301.93
467640	299.92	55.86	299.81	302.87
468000	300.08	55.54	299.84	303.57
468360	300.405	55.7	299.84	303.66
468720	300.24	55.86	299.87	303.5
469080	298.95	49.98	299.9	273.15
470880	301.85	42	300.03	304.87
471240	300.24	55.39	300.08	304.68
471600	300.08	55.54	300.1	304.02
471960	298.95	55.39	300.13	303.94
472680	301.85	42.87	300.16	305.11
473040	300.08	54.75	300.21	305.02
473400	300.24	54.75	300.23	304.91
473760	300.4	54.75	300.26	304.8
474120	300.4	54.91	300.28	304.78
474480	298.95	54.75	300.3	273.15
475200	300.4	54.28	300.35	305.69
475560	300.4	54.44	300.38	305.73
475920	300.885	54.44	300.4	305.59
476280	302.5	54.28	300.42	305.34
476640	300.4	54.28	300.44	304.94
477000	300.4	53.97	300.46	304.88
477360	300.24	54.28	300.47	304.97
477720	300.24	53.97	300.5	305.19
478080	300.4	53.49	300.52	305.66
478440	300.56	53.49	300.55	305.89
478800	300.885	53.65	300.58	306.36
479160	300.725	54.12	300.62	273.15
479880	302.5	40.79	300.69	306.85
480240	300.725	53.81	300.72	306.65
482760	301.53	41.48	300.81	305.47
483120	300.565	54.12	300.87	305.36
483480	300.4	54.12	300.87	305.6
483840	300.56	53.97	300.89	305.64
484200	300.24	53.97	300.9	305.51
484560	300.24	53.97	300.9	304.97
484920	299.27	53.97	300.9	304.99
485280	300.405	53.65	300.91	305.04
485640	300.08	53.97	300.91	304.79
486000	300.08	53.97	300.91	304.39
486360	300.24	53.65	300.92	304.45
486720	300.56	53.18	300.93	305.43
487080	300.4	53.49	300.94	305.48
487440	300.56	53.34	300.95	305.97
487800	300.56	53.65	300.96	306.45
488160	300.56	53.49	300.92	306.54
488880	301.21	53.34	300.98	273.15
489240	300.4	52.86	300.98	304.56
489600	300.08	52.86	300.97	304.42
489960	300.24	53.02	300.98	304.44
490320	300.24	52.86	300.98	304.93
490680	300.24	52.86	300.98	304.71
491040	300.4	52.86	300.99	304.64
491400	300.56	53.02	300.99	304.76
491760	300.4	52.71	300.99	304.72
492120	300.24	53.02	301	304.71
492480	300.4	52.86	301	304.74
492840	300.24	52.71	301.01	304.77
493200	300.24	52.86	301.01	304.87
493560	300.08	52.86	301.01	304.73
493920	300.08	52.86	301.02	304.5
494280	300.08	53.18	301.01	304.26
494640	300.08	53.18	300.93	303.81
495000	299.92	53.02	301.01	303.87
495360	299.27	53.18	301.01	304.3
495720	300.24	53.18	301.01	304.27
496080	300.08	53.02	301	304.03
496440	299.92	52.86	300.99	303.68
496800	299.92	53.18	300.99	303.4
497160	299.92	53.18	300.98	303.4
497520	300.08	53.34	300.98	303.36
497880	301.21	41.13	300.96	273.15
498960	294.76	53.49	273.15	273.15
499320	300.4	53.34	300.9	302.62
499680	273.15	53.34	300.88	273.15
500400	299.755	53.65	300.85	302.1
500760	299.595	53.49	300.83	301.93
501120	299.595	53.49	300.81	301.81
501480	299.275	53.34	300.78	301.48
501840	299.275	53.34	300.76	301.22
502200	299.115	53.49	300.73	300.98
502560	298.63	47.72	300.7	300.3
503280	299.115	45.815	300.6	300.57
503640	298.95	53.97	300.62	300.44
504360	299.6	43.21	273.15	300.23
504720	299.115	53.81	300.53	300.16
505080	299.275	53.97	300.5	300.13
505440	298.63	53.65	300.47	300.11
505800	298.95	53.65	300.44	300.11
506160	299.275	53.97	300.42	300.06
506520	299.115	53.81	300.39	299.99
506880	300.24	53.65	273.15	273.15
507600	298.63	53.81	300.33	299.83
507960	298.63	53.81	300.3	273.15
508680	298.31	47.9	300.26	299.86
509040	298.63	53.97	300.24	299.79
509400	298.79	53.81	300.22	299.69
509760	298.63	54.12	300.2	299.58
510120	298.63	54.12	300.18	299.5
510480	298.63	54.6	300.16	299.43
510840	298.63	54.75	300.15	298.92
512280	298.47	46.16	300.08	299
512640	298.47	54.6	300.06	299.42
513000	298.79	54.28	300.04	299.44
513360	298.63	54.12	300.02	299.4
513720	298.31	53.97	300.02	299.36
514080	298.47	53.97	300	299.32
514440	298.63	54.6	299.98	299.24
514800	298.79	53.65	299.97	299.14
515160	298.47	53.97	299.96	299.09
515520	297.98	53.81	299.94	299.06
515880	298.625	53.81	299.92	299.03
516240	298.79	54.28	299.9	299
516600	298.47	54.12	299.89	299.02
516960	298.31	54.12	299.88	299.04
517320	298.79	54.28	299.86	299.03
517680	298.305	54.28	299.85	299.03
518040	298.47	54.28	299.84	299.02
518400	298.625	54.28	299.83	299.02
518760	298.305	54.28	299.82	299.04
519120	298.305	54.44	299.81	299.05
519480	298.305	54.6	299.78	299.04
519840	298.465	54.75	299.8	298.99
520200	298.465	54.6	299.79	298.89
520560	298.145	54.44	299.78	298.83
520920	298.305	55.07	299.77	298.77
521280	298.145	54.44	299.76	298.72
521640	298.465	54.75	299.74	298.71
522000	298.465	54.75	299.72	298.7
522360	298.305	55.07	299.7	298.65
522720	298.145	54.75	299.7	298.57
523080	298.145	55.23	299.68	298.5
523440	298.305	55.39	299.66	298.48
523800	298.305	55.54	299.65	298.4
524160	298.145	54.91	299.63	298.35
524520	298.145	55.54	299.61	298.29
524880	298.145	54.91	299.6	298.26
525240	298.145	55.54	299.58	298.27
525600	299.27	55.23	299.57	298.26
525960	297.98	55.07	299.55	298.22
526320	298.145	55.39	299.53	298.19
526680	298.465	55.54	299.51	298.16
527040	298.145	55.54	299.51	298.15
527400	298.465	55.39	299.49	298.14
527760	298.145	55.54	299.47	298.13
528120	298.145	55.39	299.46	298.15
528480	298.31	45.3	299.45	273.15
529200	298.145	55.39	299.42	298.15
529560	298.145	55.07	299.41	298.12
529920	298.465	55.23	299.39	298.09
530280	297.98	55.23	299.39	298.05
530640	297.98	55.54	299.38	298.03
531000	297.98	55.39	299.36	298
531360	298.145	47.55	299.35	297.65
532080	297.98	55.54	299.32	297.93
532440	298.145	55.39	299.32	297.9
532800	297.98	55.54	299.31	297.86
533160	297.98	55.54	299.29	297.74
533520	297.98	55.54	299.28	297.71
533880	297.98	55.54	299.27	297.74
534240	297.98	55.86	299.26	297.73
534600	297.98	55.7	299.25	297.64
534960	273.15	55.7	299.24	297.08
535680	297.98	47.375	299.21	297.4
536040	297.98	55.54	299.2	297.5
536400	298.145	55.39	299.19	297.53
536760	297.82	56.17	299.18	297.52
537120	298.145	56.02	299.16	297.14
537480	297.66	56.02	273.15	297.55
538200	297.82	55.39	299.13	297.46
538560	298.145	55.7	299.13	297.51
538920	297.98	55.7	299.12	297.51
539280	297.98	56.02	299.11	297.49
539640	298.145	56.02	299.11	297.59
540360	297.98	49.63	299.11	297.82
540720	298.465	56.02	299.12	298.11
541080	293.79	56.02	273.15	298.2
541800	298.305	56.17	299.11	298.19
542160	298.63	56.17	273.15	298.14
542880	298.305	48.24	299.12	297.92
543240	298.465	56.33	299.12	298.31
543600	298.625	56.02	299.13	298.82
543960	294.11	55.86	273.15	299.14
544680	298.95	47.115	299.16	300.67
545040	299.11	56.17	299.18	300.98
545400	299.11	56.02	299.2	300.78
545760	298.95	56.49	299.22	300.66
546120	299.11	56.65	299.24	300.35
547200	299.275	56.02	299.3	302.3
547560	299.275	56.33	299.34	301.91
547920	299.435	56.33	299.36	301.32
548280	300.24	43.91	299.38	273.15
549000	299.275	56.49	299.43	301.49
549360	300.56	56.49	299.46	302.41
550800	297.5	59.8	299.08	303.96
551160	298.95	59.96	299	304.39
552960	296.37	53.62	273.15	273.15
553320	297.5	59.17	299.01	306.1
553680	297.66	59.17	298.99	306.18
554040	297.5	59.17	298.93	306.53
554400	297.5	59.48	298.87	305.68
554760	297.34	59.33	298.81	305.04
555120	297.18	59.33	298.76	305.33
555480	273.15	59.33	298.72	306.01
556560	296.69	52.06	273.15	304.06
556920	297.66	58.07	298.84	303.9
557280	297.34	58.07	298.8	302.96
557640	297.34	57.12	298.76	303.15
558000	297.66	56.96	298.7	303.91
558360	297.5	56.8	298.68	303.74
558720	299.595	55.7	298.67	303.38
559080	297.34	56.49	298.65	302.3
559440	297.335	56.02	298.65	302.45
559800	297.82	56.02	298.64	302.99
560160	302.18	42.17	298.66	302.97
560880	297.175	54.6	298.59	303.26
561240	297.175	55.39	298.62	303.65
561600	297.5	54.75	298.6	303.86
561960	297.015	54.91	298.61	303.54
562320	297.5	55.23	298.59	303.61
562680	297.335	55.86	298.6	303.42
563040	297.335	56.17	298.57	303.51
563400	297.335	56.02	298.54	303.72
563760	273.15	56.02	298.51	303.67
564480	297.335	56.17	298.45	303.3
564840	297.5	56.17	298.44	303.24
566280	297.175	56.33	298.42	304.26
566640	296.37	56.33	298.41	303.94
567000	297.015	56.8	298.4	303.62
567360	297.015	56.8	298.39	303.58
567720	297.015	57.12	298.38	303.67
568080	297.015	47.985	298.37	304.15
568440	297.015	56.96	298.35	304.37
568800	297.175	57.12	298.35	304.62
569160	297.5	57.28	298.36	304.72
569520	297.335	57.75	298.4	304.69
569880	297.335	56.96	298.4	304.61
570240	297.335	57.59	298.41	304.56
572760	296.69	52.93	298.41	304.34
573120	297.335	58.38	298.46	304.39
573480	297.5	58.7	298.46	304.34
573840	297.82	58.54	298.47	304.14
574200	297.175	58.85	298.47	304.24
574560	297.335	59.33	298.47	304.28
574920	297.5	58.7	298.48	304.26
575280	297.335	58.7	298.48	304.23
575640	297.335	58.38	298.49	304.22
576000	297.335	58.54	298.49	304.28
576360	293.15	58.7	298.4	304.24
577080	273.15	58.7	298.51	304.38
577440	297.175	58.22	298.5	304.09
578160	273.15	58.22	298.5	303.81
578520	297.335	58.22	298.5	303.86
578880	297.175	58.38	298.5	303.82
579240	297.175	58.54	298.5	303.72
579600	297.175	58.54	298.5	303.71
579960	297.175	58.54	298.49	303.78
580320	297.5	58.22	298.49	304.01
580680	297.5	58.38	298.49	303.93
581040	297.335	58.22	298.49	303.78
581400	297.175	58.22	298.49	303.75
581760	297.175	58.07	298.48	303.83
582120	297.335	58.07	298.48	303.89
582480	296.69	53.97	273.15	303.85
584280	297.34	58.85	298.41	303.17
584640	296.855	58.7	298.42	303.04
585000	296.855	58.85	298.29	302.96
585360	297.335	58.7	298.42	302.81
585720	296.855	58.38	298.43	302.66
586080	297.015	59.17	298.41	302.58
586440	296.855	58.7	298.42	302.32
586800	297.015	59.33	298.4	302.14
587160	296.37	58.85	298.41	301.9
587520	296.855	59.33	298.39	301.74
587880	296.855	59.01	298.4	301.49
588240	296.695	60.59	298.39	301.29
588600	296.855	58.54	298.39	301.06
588960	296.855	62.01	298.36	300.86
589320	296.855	58.7	298.37	300.7
589680	296.695	61.06	298.34	300.37
590040	297.015	58.07	298.34	300.59
590400	296.695	60.27	298.32	300.38
590760	296.855	49.72	298.31	300.25
592560	292.82	57.28	298.11	273.15
592920	296.37	60.9	298.21	299.8
593280	296.53	57.59	298.22	299.81
593640	296.37	59.96	298.19	299.7
594000	296.53	57.44	298.19	299.68
594360	296.37	58.38	298.16	299.69
594720	296.695	58.7	298.14	299.7
595080	296.535	58.07	298.14	299.62
595440	296.37	60.75	298.1	299.66
595800	296.21	57.12	298.11	299.73
596160	296.37	60.12	298.07	299.61
596520	296.37	56.8	298.08	299.46
596880	296.37	59.01	298.04	299.48
597240	296.05	56.65	298.04	299.51
597960	292.82	56.49	297.88	273.15
598320	296.05	58.54	297.98	299.2
598680	296.21	56.17	297.98	299.1
599040	296.05	57.91	297.96	299.21
599400	296.21	56.17	297.95	299.22
599760	296.05	57.91	297.95	299.36
600120	296.37	57.59	297.93	299.29
600480	296.37	56.65	297.94	299.18
600840	296.37	48.07	297.9	299.04

